".groups","time","HR1","HR2","Resp1","Resp2","study","group","trial","condition","filename","optRadiusHR","optEmbdimHR","optDelayHR","optRadiusResp","optEmbdimResp","optDelayResp"
"1",7.8387917,1.87726025748126,-0.334966031161981,1.30560589131777,-1.15451497742219,"Study2","G8","T1","TurnTaking","Study2_G8_T1_TurnTaking.csv",1.86062708320333,11,49,0.716830347333234,3,43
"2",7.8404583,1.87726025748126,-0.334966031161981,1.57382934676117,-1.11820637982656,"Study2","G8","T1","TurnTaking","Study2_G8_T1_TurnTaking.csv",1.86062708320333,11,49,0.716830347333234,3,43
"3",7.842125,1.87726025748126,-0.334966031161981,1.84274363688589,-1.09276629548542,"Study2","G8","T1","TurnTaking","Study2_G8_T1_TurnTaking.csv",1.86062708320333,11,49,0.716830347333234,3,43
"4",7.8437917,1.87726025748126,-0.334966031161981,2.11728319909621,-1.08407955919701,"Study2","G8","T1","TurnTaking","Study2_G8_T1_TurnTaking.csv",1.86062708320333,11,49,0.716830347333234,3,43
"5",7.8454583,1.87726025748126,-0.334966031161981,2.3901290623319,-1.0840798445085,"Study2","G8","T1","TurnTaking","Study2_G8_T1_TurnTaking.csv",1.86062708320333,11,49,0.716830347333234,3,43
"6",7.847125,1.87726025748126,-0.334966031161981,1.90711207296476e-16,-1.08401350958702,"Study2","G8","T1","TurnTaking","Study2_G8_T1_TurnTaking.csv",1.86062708320333,11,49,0.716830347333234,3,43
"7",7.8487917,1.87726025748126,-0.334966031161981,1.90711207296476e-16,-1.08197296180863,"Study2","G8","T1","TurnTaking","Study2_G8_T1_TurnTaking.csv",1.86062708320333,11,49,0.716830347333234,3,43
"8",7.8504583,1.29343924452067,-0.334966031161981,1.90711207296476e-16,-1.07714377952437,"Study2","G8","T1","TurnTaking","Study2_G8_T1_TurnTaking.csv",1.86062708320333,11,49,0.716830347333234,3,43
"9",7.852125,1.13824631702482,-0.334966031161981,1.90711207296476e-16,-1.08216840017946,"Study2","G8","T1","TurnTaking","Study2_G8_T1_TurnTaking.csv",1.86062708320333,11,49,0.716830347333234,3,43
"10",7.8537917,1.13824631702482,-0.334966031161981,2.37092338762587,-1.10931279270771,"Study2","G8","T1","TurnTaking","Study2_G8_T1_TurnTaking.csv",1.86062708320333,11,49,0.716830347333234,3,43
"11",7.8554583,1.13824631702482,-1.861028467731,2.19466531043473,-1.14935668833391,"Study2","G8","T1","TurnTaking","Study2_G8_T1_TurnTaking.csv",1.86062708320333,11,49,0.716830347333234,3,43
"12",7.857125,1.13824631702482,-1.75746212356033,2.04885829831033,-1.18620381136741,"Study2","G8","T1","TurnTaking","Study2_G8_T1_TurnTaking.csv",1.86062708320333,11,49,0.716830347333234,3,43
"13",7.8587917,1.13824631702482,-1.75746212356033,1.91046347399199,-1.21488560486096,"Study2","G8","T1","TurnTaking","Study2_G8_T1_TurnTaking.csv",1.86062708320333,11,49,0.716830347333234,3,43
"14",7.8604583,1.13824631702482,-1.75746212356033,1.7774239069065,-1.24178077780246,"Study2","G8","T1","TurnTaking","Study2_G8_T1_TurnTaking.csv",1.86062708320333,11,49,0.716830347333234,3,43
"15",7.862125,1.13824631702482,-1.75746212356033,1.63883794344344,-1.26486789828337,"Study2","G8","T1","TurnTaking","Study2_G8_T1_TurnTaking.csv",1.86062708320333,11,49,0.716830347333234,3,43
"16",7.8637917,1.13824631702482,-1.75746212356033,1.5114917683732,-1.28871137952498,"Study2","G8","T1","TurnTaking","Study2_G8_T1_TurnTaking.csv",1.86062708320333,11,49,0.716830347333234,3,43
"17",7.8654583,1.13824631702482,-1.75746212356033,1.42538952176354,-1.30701896192093,"Study2","G8","T1","TurnTaking","Study2_G8_T1_TurnTaking.csv",1.86062708320333,11,49,0.716830347333234,3,43
"18",7.867125,0.738837498786844,-1.75746212356033,1.36806391201557,-1.31408798205953,"Study2","G8","T1","TurnTaking","Study2_G8_T1_TurnTaking.csv",1.86062708320333,11,49,0.716830347333234,3,43
"19",7.8687917,0.632665534445105,-1.75746212356033,1.32140310467525,-1.30929660354773,"Study2","G8","T1","TurnTaking","Study2_G8_T1_TurnTaking.csv",1.86062708320333,11,49,0.716830347333234,3,43
"20",7.8704583,0.632665534445105,-1.75746212356033,1.25170924612086,-1.29505513785532,"Study2","G8","T1","TurnTaking","Study2_G8_T1_TurnTaking.csv",1.86062708320333,11,49,0.716830347333234,3,43
"21",7.872125,0.632665534445105,0.304897530976526,1.17551766500026,-1.2794431784194,"Study2","G8","T1","TurnTaking","Study2_G8_T1_TurnTaking.csv",1.86062708320333,11,49,0.716830347333234,3,43
"22",7.8737917,0.632665534445105,-0.299467312320959,1.15414839825223,-1.26169894356098,"Study2","G8","T1","TurnTaking","Study2_G8_T1_TurnTaking.csv",1.86062708320333,11,49,0.716830347333234,3,43
"23",7.8754583,0.632665534445105,-0.299467312320959,1.19949980161581,-1.25614307291101,"Study2","G8","T1","TurnTaking","Study2_G8_T1_TurnTaking.csv",1.86062708320333,11,49,0.716830347333234,3,43
"24",7.877125,0.632665534445105,-0.299467312320959,1.25762100284481,-1.27475950499518,"Study2","G8","T1","TurnTaking","Study2_G8_T1_TurnTaking.csv",1.86062708320333,11,49,0.716830347333234,3,43
"25",7.8787917,0.632665534445105,-0.299467312320959,1.31148706129699,-1.30087977192911,"Study2","G8","T1","TurnTaking","Study2_G8_T1_TurnTaking.csv",1.86062708320333,11,49,0.716830347333234,3,43
"26",7.8804583,0.632665534445105,-0.299467312320959,1.34682080158462,-1.31972744897615,"Study2","G8","T1","TurnTaking","Study2_G8_T1_TurnTaking.csv",1.86062708320333,11,49,0.716830347333234,3,43
"27",7.882125,0.632665534445105,-0.299467312320959,1.35133363488481,-1.32800476327603,"Study2","G8","T1","TurnTaking","Study2_G8_T1_TurnTaking.csv",1.86062708320333,11,49,0.716830347333234,3,43
"28",7.8837917,0.170394739293572,-0.299467312320959,1.3360812689252,-1.33012762341936,"Study2","G8","T1","TurnTaking","Study2_G8_T1_TurnTaking.csv",1.86062708320333,11,49,0.716830347333234,3,43
"29",7.8854583,0.0475126291899995,-0.302351744765348,1.3307864009063,-1.3203281723189,"Study2","G8","T1","TurnTaking","Study2_G8_T1_TurnTaking.csv",1.86062708320333,11,49,0.716830347333234,3,43
"30",7.887125,0.0475126291899995,-0.302471929450531,1.34528194100273,-1.3054735722339,"Study2","G8","T1","TurnTaking","Study2_G8_T1_TurnTaking.csv",1.86062708320333,11,49,0.716830347333234,3,43
"31",7.8887917,0.0475126291899995,-0.302471929450531,1.38746800842458,-1.29232969984454,"Study2","G8","T1","TurnTaking","Study2_G8_T1_TurnTaking.csv",1.86062708320333,11,49,0.716830347333234,3,43
"32",7.8904583,0.0475126291899995,-0.302471929450531,1.43955902732825,-1.28423484224269,"Study2","G8","T1","TurnTaking","Study2_G8_T1_TurnTaking.csv",1.86062708320333,11,49,0.716830347333234,3,43
"33",7.892125,0.0475126291899995,-0.302471929450531,1.46534376517437,-1.27692316468162,"Study2","G8","T1","TurnTaking","Study2_G8_T1_TurnTaking.csv",1.86062708320333,11,49,0.716830347333234,3,43
"34",7.8937917,0.0475126291899995,-0.302471929450531,1.42325225897066,-1.26820361757183,"Study2","G8","T1","TurnTaking","Study2_G8_T1_TurnTaking.csv",1.86062708320333,11,49,0.716830347333234,3,43
"35",7.8954583,0.0475126291899995,-0.302471929450531,1.31988060183962,-1.25709173361614,"Study2","G8","T1","TurnTaking","Study2_G8_T1_TurnTaking.csv",1.86062708320333,11,49,0.716830347333234,3,43
"36",7.897125,0.0475126291899995,-0.342437065086643,1.16564531697162,-1.24651751916387,"Study2","G8","T1","TurnTaking","Study2_G8_T1_TurnTaking.csv",1.86062708320333,11,49,0.716830347333234,3,43
"37",7.8987917,0.0475126291899995,-0.357979062278465,1.02166768348436,-1.23749468593993,"Study2","G8","T1","TurnTaking","Study2_G8_T1_TurnTaking.csv",1.86062708320333,11,49,0.716830347333234,3,43
"38",7.9004583,-0.0218068260911301,-0.357979062278465,0.924662326752614,-1.24661267054588,"Study2","G8","T1","TurnTaking","Study2_G8_T1_TurnTaking.csv",1.86062708320333,11,49,0.716830347333234,3,43
"39",7.902125,-0.0402335167354803,-0.357979062278465,0.860187149453697,-1.27567763737086,"Study2","G8","T1","TurnTaking","Study2_G8_T1_TurnTaking.csv",1.86062708320333,11,49,0.716830347333234,3,43
"40",7.9037917,-0.0402335167354803,-0.357979062278465,0.82330480116003,-1.30716304422352,"Study2","G8","T1","TurnTaking","Study2_G8_T1_TurnTaking.csv",1.86062708320333,11,49,0.716830347333234,3,43
"41",7.9054583,-0.0402335167354803,-0.357979062278465,0.79778290764773,-1.32944287584272,"Study2","G8","T1","TurnTaking","Study2_G8_T1_TurnTaking.csv",1.86062708320333,11,49,0.716830347333234,3,43
"42",7.907125,-0.0402335167354803,-0.357979062278465,0.882552558133551,-1.34134250482302,"Study2","G8","T1","TurnTaking","Study2_G8_T1_TurnTaking.csv",1.86062708320333,11,49,0.716830347333234,3,43
"43",7.9087917,-0.0402335167354803,-0.371912135458968,1.1147373216489,-1.32918295707508,"Study2","G8","T1","TurnTaking","Study2_G8_T1_TurnTaking.csv",1.86062708320333,11,49,0.716830347333234,3,43
"44",7.9104583,-0.0402335167354803,-0.416033533863893,1.42572451944391,-1.26476318896644,"Study2","G8","T1","TurnTaking","Study2_G8_T1_TurnTaking.csv",1.86062708320333,11,49,0.716830347333234,3,43
"45",7.912125,-0.0402335167354803,-0.416033533863893,1.64950924413386,-1.16628264983825,"Study2","G8","T1","TurnTaking","Study2_G8_T1_TurnTaking.csv",1.86062708320333,11,49,0.716830347333234,3,43
"46",7.9137917,-0.0402335167354803,-0.416033533863893,1.74405276005265,-1.08815509117973,"Study2","G8","T1","TurnTaking","Study2_G8_T1_TurnTaking.csv",1.86062708320333,11,49,0.716830347333234,3,43
"47",7.9154583,-0.0402335167354803,-0.416033533863893,1.7575379292188,-1.05395765595634,"Study2","G8","T1","TurnTaking","Study2_G8_T1_TurnTaking.csv",1.86062708320333,11,49,0.716830347333234,3,43
"48",7.917125,0.154790204938722,-0.416033533863893,1.72131560478301,-1.0561558383331,"Study2","G8","T1","TurnTaking","Study2_G8_T1_TurnTaking.csv",1.86062708320333,11,49,0.716830347333234,3,43
"49",7.9187917,0.206631953738193,-0.416033533863893,1.64942790355996,-1.08862100484334,"Study2","G8","T1","TurnTaking","Study2_G8_T1_TurnTaking.csv",1.86062708320333,11,49,0.716830347333234,3,43
"50",7.9204583,0.206631953738193,-0.416033533863893,1.54926292489375,-1.13624362958549,"Study2","G8","T1","TurnTaking","Study2_G8_T1_TurnTaking.csv",1.86062708320333,11,49,0.716830347333234,3,43
"51",7.922125,0.206631953738193,-0.447668573537975,1.46351685140311,-1.18509352170303,"Study2","G8","T1","TurnTaking","Study2_G8_T1_TurnTaking.csv",1.86062708320333,11,49,0.716830347333234,3,43
"52",7.9237917,0.206631953738193,-0.463250010989388,1.41616453714532,-1.23172454636077,"Study2","G8","T1","TurnTaking","Study2_G8_T1_TurnTaking.csv",1.86062708320333,11,49,0.716830347333234,3,43
"53",7.9254583,0.206631953738193,-0.463250010989388,1.39800138866532,-1.28939170477352,"Study2","G8","T1","TurnTaking","Study2_G8_T1_TurnTaking.csv",1.86062708320333,11,49,0.716830347333234,3,43
"54",7.927125,0.206631953738193,-0.463250010989388,1.39007325961575,-1.35950015603084,"Study2","G8","T1","TurnTaking","Study2_G8_T1_TurnTaking.csv",1.86062708320333,11,49,0.716830347333234,3,43
"55",7.9287917,0.206631953738193,-0.463250010989388,1.35478030165443,-1.41676160150443,"Study2","G8","T1","TurnTaking","Study2_G8_T1_TurnTaking.csv",1.86062708320333,11,49,0.716830347333234,3,43
"56",7.9304583,0.206631953738193,-0.463250010989388,1.29579998262841,-1.45186761116858,"Study2","G8","T1","TurnTaking","Study2_G8_T1_TurnTaking.csv",1.86062708320333,11,49,0.716830347333234,3,43
"57",7.932125,0.206631953738193,-0.463250010989388,1.2674918943618,-1.47032241429352,"Study2","G8","T1","TurnTaking","Study2_G8_T1_TurnTaking.csv",1.86062708320333,11,49,0.716830347333234,3,43
"58",7.9337917,0.370293592974779,-0.45919054709336,1.27784108189801,-1.47295655262741,"Study2","G8","T1","TurnTaking","Study2_G8_T1_TurnTaking.csv",1.86062708320333,11,49,0.716830347333234,3,43
"59",7.9354583,0.41379858568324,-0.432023365635325,1.29116076893242,-1.46737172286118,"Study2","G8","T1","TurnTaking","Study2_G8_T1_TurnTaking.csv",1.86062708320333,11,49,0.716830347333234,3,43
"60",7.937125,0.41379858568324,-0.432023365635325,1.30397807148564,-1.47010971457752,"Study2","G8","T1","TurnTaking","Study2_G8_T1_TurnTaking.csv",1.86062708320333,11,49,0.716830347333234,3,43
"61",7.9387917,0.41379858568324,-0.432023365635325,1.29194235549371,-1.48973101373041,"Study2","G8","T1","TurnTaking","Study2_G8_T1_TurnTaking.csv",1.86062708320333,11,49,0.716830347333234,3,43
"62",7.9404583,0.41379858568324,-0.432023365635325,1.22010641645405,-1.51985733929919,"Study2","G8","T1","TurnTaking","Study2_G8_T1_TurnTaking.csv",1.86062708320333,11,49,0.716830347333234,3,43
"63",7.942125,0.41379858568324,-0.432023365635325,1.12549399633009,-1.5477943271474,"Study2","G8","T1","TurnTaking","Study2_G8_T1_TurnTaking.csv",1.86062708320333,11,49,0.716830347333234,3,43
"64",7.9437917,0.41379858568324,-0.432023365635325,1.05891640047863,-1.57209830113429,"Study2","G8","T1","TurnTaking","Study2_G8_T1_TurnTaking.csv",1.86062708320333,11,49,0.716830347333234,3,43
"65",7.9454583,0.41379858568324,-0.432023365635325,1.09240328398928,-1.59442092947703,"Study2","G8","T1","TurnTaking","Study2_G8_T1_TurnTaking.csv",1.86062708320333,11,49,0.716830347333234,3,43
"66",7.947125,0.41379858568324,-0.454626834383775,1.20043477005817,-1.58726660120284,"Study2","G8","T1","TurnTaking","Study2_G8_T1_TurnTaking.csv",1.86062708320333,11,49,0.716830347333234,3,43
"67",7.9487917,0.41379858568324,-0.48853203750645,1.31654362160147,-1.53286140905832,"Study2","G8","T1","TurnTaking","Study2_G8_T1_TurnTaking.csv",1.86062708320333,11,49,0.716830347333234,3,43
"68",7.9504583,0.183514669630027,-0.48853203750645,1.42407630844862,-1.46451033392529,"Study2","G8","T1","TurnTaking","Study2_G8_T1_TurnTaking.csv",1.86062708320333,11,49,0.716830347333234,3,43
"69",7.952125,0.12229995776778,-0.48853203750645,1.47372374895468,-1.428661087829,"Study2","G8","T1","TurnTaking","Study2_G8_T1_TurnTaking.csv",1.86062708320333,11,49,0.716830347333234,3,43
"70",7.9537917,0.12229995776778,-0.48853203750645,1.46160870909731,-1.42694137282141,"Study2","G8","T1","TurnTaking","Study2_G8_T1_TurnTaking.csv",1.86062708320333,11,49,0.716830347333234,3,43
"71",7.9554583,0.12229995776778,-0.48853203750645,1.42226093473123,-1.43705495187265,"Study2","G8","T1","TurnTaking","Study2_G8_T1_TurnTaking.csv",1.86062708320333,11,49,0.716830347333234,3,43
"72",7.957125,0.12229995776778,-0.48853203750645,1.35740986538628,-1.44957784380344,"Study2","G8","T1","TurnTaking","Study2_G8_T1_TurnTaking.csv",1.86062708320333,11,49,0.716830347333234,3,43
"73",7.9587917,0.12229995776778,-0.48853203750645,1.27678219792572,-1.460356198627,"Study2","G8","T1","TurnTaking","Study2_G8_T1_TurnTaking.csv",1.86062708320333,11,49,0.716830347333234,3,43
"74",7.9604583,0.12229995776778,-0.500585572317289,1.18616073177247,-1.46240202466796,"Study2","G8","T1","TurnTaking","Study2_G8_T1_TurnTaking.csv",1.86062708320333,11,49,0.716830347333234,3,43
"75",7.962125,0.12229995776778,-0.508291930638973,1.1297987725425,-1.46038929475987,"Study2","G8","T1","TurnTaking","Study2_G8_T1_TurnTaking.csv",1.86062708320333,11,49,0.716830347333234,3,43
"76",7.9637917,0.12229995776778,-0.508291930638973,1.10562605697903,-1.47973141661954,"Study2","G8","T1","TurnTaking","Study2_G8_T1_TurnTaking.csv",1.86062708320333,11,49,0.716830347333234,3,43
"77",7.9654583,0.12229995776778,-0.508291930638973,1.0614120771777,-1.53227352473262,"Study2","G8","T1","TurnTaking","Study2_G8_T1_TurnTaking.csv",1.86062708320333,11,49,0.716830347333234,3,43
"78",7.967125,-0.00610148708979642,-0.508291930638973,1.03196970245087,-1.58953582614068,"Study2","G8","T1","TurnTaking","Study2_G8_T1_TurnTaking.csv",1.86062708320333,11,49,0.716830347333234,3,43
"79",7.9687917,-0.0402335167354803,-0.508291930638973,1.0519782511962,-1.62359645450449,"Study2","G8","T1","TurnTaking","Study2_G8_T1_TurnTaking.csv",1.86062708320333,11,49,0.716830347333234,3,43
"80",7.9704583,-0.0402335167354803,-0.508291930638973,1.06233886674693,-1.63526141478405,"Study2","G8","T1","TurnTaking","Study2_G8_T1_TurnTaking.csv",1.86062708320333,11,49,0.716830347333234,3,43
"81",7.972125,-0.0402335167354803,-0.508291930638973,1.07929512726274,-1.64148091996038,"Study2","G8","T1","TurnTaking","Study2_G8_T1_TurnTaking.csv",1.86062708320333,11,49,0.716830347333234,3,43
"82",7.9737917,-0.0402335167354803,-0.53014648179272,1.11236186318095,-1.63282913432953,"Study2","G8","T1","TurnTaking","Study2_G8_T1_TurnTaking.csv",1.86062708320333,11,49,0.716830347333234,3,43
"83",7.9754583,-0.0402335167354803,-0.541914317029353,1.13422343086795,-1.61398473836464,"Study2","G8","T1","TurnTaking","Study2_G8_T1_TurnTaking.csv",1.86062708320333,11,49,0.716830347333234,3,43
"84",7.977125,-0.0402335167354803,-0.541914317029353,1.11823933586136,-1.61274334807048,"Study2","G8","T1","TurnTaking","Study2_G8_T1_TurnTaking.csv",1.86062708320333,11,49,0.716830347333234,3,43
"85",7.9787917,-0.0402335167354803,-0.541914317029353,1.08209801588139,-1.63982254692321,"Study2","G8","T1","TurnTaking","Study2_G8_T1_TurnTaking.csv",1.86062708320333,11,49,0.716830347333234,3,43
"86",7.9804583,-0.0402335167354803,-0.541914317029353,1.04755460122497,-1.66626093616879,"Study2","G8","T1","TurnTaking","Study2_G8_T1_TurnTaking.csv",1.86062708320333,11,49,0.716830347333234,3,43
"87",7.982125,-0.0402335167354803,-0.541914317029353,1.03787103951453,-1.67297445819052,"Study2","G8","T1","TurnTaking","Study2_G8_T1_TurnTaking.csv",1.86062708320333,11,49,0.716830347333234,3,43
"88",7.9837917,-0.515222394281677,-0.541914317029353,1.0530413926641,-1.65899105674104,"Study2","G8","T1","TurnTaking","Study2_G8_T1_TurnTaking.csv",1.86062708320333,11,49,0.716830347333234,3,43
"89",7.9854583,-0.641485260464843,-0.541914317029353,1.06265313714607,-1.63588610429199,"Study2","G8","T1","TurnTaking","Study2_G8_T1_TurnTaking.csv",1.86062708320333,11,49,0.716830347333234,3,43
"90",7.987125,-0.641485260464843,-0.49662255936485,1.05737585930637,-1.60150293128844,"Study2","G8","T1","TurnTaking","Study2_G8_T1_TurnTaking.csv",1.86062708320333,11,49,0.716830347333234,3,43
"91",7.9887917,-0.641485260464843,-0.491024701675978,1.05646654787698,-1.56814987542049,"Study2","G8","T1","TurnTaking","Study2_G8_T1_TurnTaking.csv",1.86062708320333,11,49,0.716830347333234,3,43
"92",7.9904583,-0.641485260464843,-0.491024701675978,1.04712313765738,-1.55455863461439,"Study2","G8","T1","TurnTaking","Study2_G8_T1_TurnTaking.csv",1.86062708320333,11,49,0.716830347333234,3,43
"93",7.992125,-0.641485260464843,-0.491024701675978,0.990197172299331,-1.57265237604839,"Study2","G8","T1","TurnTaking","Study2_G8_T1_TurnTaking.csv",1.86062708320333,11,49,0.716830347333234,3,43
"94",7.9937917,-0.641485260464843,-0.491024701675978,0.911573888953081,-1.59444732078988,"Study2","G8","T1","TurnTaking","Study2_G8_T1_TurnTaking.csv",1.86062708320333,11,49,0.716830347333234,3,43
"95",7.9954583,-0.641485260464843,-0.491024701675978,0.887810005006887,-1.59968592506267,"Study2","G8","T1","TurnTaking","Study2_G8_T1_TurnTaking.csv",1.86062708320333,11,49,0.716830347333234,3,43
"96",7.997125,-0.641485260464843,-0.491024701675978,0.895488958524302,-1.59524761952008,"Study2","G8","T1","TurnTaking","Study2_G8_T1_TurnTaking.csv",1.86062708320333,11,49,0.716830347333234,3,43
"97",7.9987917,-0.641485260464843,-0.443097106977733,0.919708170421337,-1.58269576847302,"Study2","G8","T1","TurnTaking","Study2_G8_T1_TurnTaking.csv",1.86062708320333,11,49,0.716830347333234,3,43
"98",8.0004583,-0.805619398118569,-0.397049025797066,0.964974647951561,-1.55872061597866,"Study2","G8","T1","TurnTaking","Study2_G8_T1_TurnTaking.csv",1.86062708320333,11,49,0.716830347333234,3,43
"99",8.002125,-0.849249991672092,-0.397049025797066,1.01766362090878,-1.51875218524164,"Study2","G8","T1","TurnTaking","Study2_G8_T1_TurnTaking.csv",1.86062708320333,11,49,0.716830347333234,3,43
"100",8.0037917,-0.849249991672092,-0.397049025797066,1.05885746777633,-1.47422362095568,"Study2","G8","T1","TurnTaking","Study2_G8_T1_TurnTaking.csv",1.86062708320333,11,49,0.716830347333234,3,43
"101",8.0054583,-0.849249991672092,-0.397049025797066,1.10622008965505,-1.42916922759316,"Study2","G8","T1","TurnTaking","Study2_G8_T1_TurnTaking.csv",1.86062708320333,11,49,0.716830347333234,3,43
"102",8.007125,-0.849249991672092,-0.397049025797066,1.18713861128894,-1.39741405872645,"Study2","G8","T1","TurnTaking","Study2_G8_T1_TurnTaking.csv",1.86062708320333,11,49,0.716830347333234,3,43
"103",8.0087917,-0.849249991672092,-0.397049025797066,1.27816689235103,-1.39077343379049,"Study2","G8","T1","TurnTaking","Study2_G8_T1_TurnTaking.csv",1.86062708320333,11,49,0.716830347333234,3,43
"104",8.0104583,-0.849249991672092,-0.335681199624658,1.36040478946451,-1.39902478474476,"Study2","G8","T1","TurnTaking","Study2_G8_T1_TurnTaking.csv",1.86062708320333,11,49,0.716830347333234,3,43
"105",8.012125,-0.849249991672092,-0.281260674528372,1.40343787443271,-1.42478042359413,"Study2","G8","T1","TurnTaking","Study2_G8_T1_TurnTaking.csv",1.86062708320333,11,49,0.716830347333234,3,43
"106",8.0137917,-0.849249991672092,-0.281260674528372,1.39307893947235,-1.46681821857006,"Study2","G8","T1","TurnTaking","Study2_G8_T1_TurnTaking.csv",1.86062708320333,11,49,0.716830347333234,3,43
"107",8.0154583,-0.849249991672092,-0.281260674528372,1.35959149576492,-1.52337494466269,"Study2","G8","T1","TurnTaking","Study2_G8_T1_TurnTaking.csv",1.86062708320333,11,49,0.716830347333234,3,43
"108",8.017125,-0.705413598521303,-0.281260674528372,1.32933549122042,-1.57266507240971,"Study2","G8","T1","TurnTaking","Study2_G8_T1_TurnTaking.csv",1.86062708320333,11,49,0.716830347333234,3,43
"109",8.0187917,-0.667178607936915,-0.281260674528372,1.32989333518382,-1.54900390521038,"Study2","G8","T1","TurnTaking","Study2_G8_T1_TurnTaking.csv",1.86062708320333,11,49,0.716830347333234,3,43
"110",8.0204583,-0.667178607936915,-0.281260674528372,1.33042350542579,-1.43837309095768,"Study2","G8","T1","TurnTaking","Study2_G8_T1_TurnTaking.csv",1.86062708320333,11,49,0.716830347333234,3,43
"111",8.022125,-0.667178607936915,-0.196867092971735,1.31105570976876,-1.2694823836712,"Study2","G8","T1","TurnTaking","Study2_G8_T1_TurnTaking.csv",1.86062708320333,11,49,0.716830347333234,3,43
"112",8.0237917,-0.667178607936915,-0.181974107991152,1.27271360067994,-1.08697989315132,"Study2","G8","T1","TurnTaking","Study2_G8_T1_TurnTaking.csv",1.86062708320333,11,49,0.716830347333234,3,43
"113",8.0254583,-0.667178607936915,-0.181974107991152,1.23529693668805,-0.926134399267388,"Study2","G8","T1","TurnTaking","Study2_G8_T1_TurnTaking.csv",1.86062708320333,11,49,0.716830347333234,3,43
"114",8.027125,-0.667178607936915,-0.181974107991152,1.20481920625411,-0.803143320633342,"Study2","G8","T1","TurnTaking","Study2_G8_T1_TurnTaking.csv",1.86062708320333,11,49,0.716830347333234,3,43
"115",8.0287917,-0.667178607936915,-0.181974107991152,1.16222329886076,-0.723408887661644,"Study2","G8","T1","TurnTaking","Study2_G8_T1_TurnTaking.csv",1.86062708320333,11,49,0.716830347333234,3,43
"116",8.0304583,-0.667178607936915,-0.181974107991152,1.10999559194035,-0.683991821379563,"Study2","G8","T1","TurnTaking","Study2_G8_T1_TurnTaking.csv",1.86062708320333,11,49,0.716830347333234,3,43
"117",8.032125,-0.667178607936915,-0.162193736740227,1.06234558910841,-0.68578857048952,"Study2","G8","T1","TurnTaking","Study2_G8_T1_TurnTaking.csv",1.86062708320333,11,49,0.716830347333234,3,43
"118",8.0337917,-0.362151348522497,-0.127028632294138,1.01526676292346,-0.730583187740151,"Study2","G8","T1","TurnTaking","Study2_G8_T1_TurnTaking.csv",1.86062708320333,11,49,0.716830347333234,3,43
"119",8.0354583,-0.281068152981954,-0.127028632294138,0.973200801693363,-0.818406344116661,"Study2","G8","T1","TurnTaking","Study2_G8_T1_TurnTaking.csv",1.86062708320333,11,49,0.716830347333234,3,43
"120",8.037125,-0.281068152981954,-0.127028632294138,0.938958212713126,-0.94206391039197,"Study2","G8","T1","TurnTaking","Study2_G8_T1_TurnTaking.csv",1.86062708320333,11,49,0.716830347333234,3,43
"121",8.0387917,-0.281068152981954,-0.127028632294138,0.924805176934042,-1.07695718580974,"Study2","G8","T1","TurnTaking","Study2_G8_T1_TurnTaking.csv",1.86062708320333,11,49,0.716830347333234,3,43
"122",8.0404583,-0.281068152981954,-0.127028632294138,0.901638126647821,-1.19563349877647,"Study2","G8","T1","TurnTaking","Study2_G8_T1_TurnTaking.csv",1.86062708320333,11,49,0.716830347333234,3,43
"123",8.042125,-0.281068152981954,-0.124274225960767,0.860556543216965,-1.28669636712497,"Study2","G8","T1","TurnTaking","Study2_G8_T1_TurnTaking.csv",1.86062708320333,11,49,0.716830347333234,3,43
"124",8.0437917,-0.281068152981954,-0.0581684739598463,0.826976891117911,-1.35142826600396,"Study2","G8","T1","TurnTaking","Study2_G8_T1_TurnTaking.csv",1.86062708320333,11,49,0.716830347333234,3,43
"125",8.0454583,-0.281068152981954,-0.0581684739598463,0.820947829186149,-1.42265228518823,"Study2","G8","T1","TurnTaking","Study2_G8_T1_TurnTaking.csv",1.86062708320333,11,49,0.716830347333234,3,43
"126",8.047125,-0.281068152981954,-0.0581684739598463,0.834263146685597,-1.48532038340238,"Study2","G8","T1","TurnTaking","Study2_G8_T1_TurnTaking.csv",1.86062708320333,11,49,0.716830347333234,3,43
"127",8.0487917,-0.281068152981954,-0.0581684739598463,0.867894224849965,-1.45793290548442,"Study2","G8","T1","TurnTaking","Study2_G8_T1_TurnTaking.csv",1.86062708320333,11,49,0.716830347333234,3,43
"128",8.0504583,-0.507946142944956,-0.0581684739598463,0.913289883759943,-1.31563394236954,"Study2","G8","T1","TurnTaking","Study2_G8_T1_TurnTaking.csv",1.86062708320333,11,49,0.716830347333234,3,43
"129",8.052125,-0.568255482049046,-0.0581684739598463,0.943909456021096,-1.05102779226279,"Study2","G8","T1","TurnTaking","Study2_G8_T1_TurnTaking.csv",1.86062708320333,11,49,0.716830347333234,3,43
"130",8.0537917,-0.568255482049046,-0.0904411435900355,0.94550646502978,-0.637022274638627,"Study2","G8","T1","TurnTaking","Study2_G8_T1_TurnTaking.csv",1.86062708320333,11,49,0.716830347333234,3,43
"131",8.0554583,-0.568255482049046,-0.112867914011014,0.934714385911459,-0.16157193181484,"Study2","G8","T1","TurnTaking","Study2_G8_T1_TurnTaking.csv",1.86062708320333,11,49,0.716830347333234,3,43
"132",8.057125,-0.568255482049046,-0.112867914011014,0.951393349016262,0.213478438829982,"Study2","G8","T1","TurnTaking","Study2_G8_T1_TurnTaking.csv",1.86062708320333,11,49,0.716830347333234,3,43
"133",8.0587917,-0.568255482049046,-0.112867914011014,1.01202232719499,0.401837375654826,"Study2","G8","T1","TurnTaking","Study2_G8_T1_TurnTaking.csv",1.86062708320333,11,49,0.716830347333234,3,43
"134",8.0604583,-0.568255482049046,-0.112867914011014,1.11870004170138,0.446664233103857,"Study2","G8","T1","TurnTaking","Study2_G8_T1_TurnTaking.csv",1.86062708320333,11,49,0.716830347333234,3,43
"135",8.062125,-0.568255482049046,-0.112867914011014,1.30729522075743,0.442121075588593,"Study2","G8","T1","TurnTaking","Study2_G8_T1_TurnTaking.csv",1.86062708320333,11,49,0.716830347333234,3,43
"136",8.0637917,-0.568255482049046,-0.108539923331818,1.58995808457892,0.433931922539207,"Study2","G8","T1","TurnTaking","Study2_G8_T1_TurnTaking.csv",1.86062708320333,11,49,0.716830347333234,3,43
"137",8.0654583,-0.568255482049046,-0.0840146428163729,1.90315738745794,0.433292111522283,"Study2","G8","T1","TurnTaking","Study2_G8_T1_TurnTaking.csv",1.86062708320333,11,49,0.716830347333234,3,43
"138",8.067125,-0.872327900912163,-0.0840146428163729,2.16831757481474,0.427850080156931,"Study2","G8","T1","TurnTaking","Study2_G8_T1_TurnTaking.csv",1.86062708320333,11,49,0.716830347333234,3,43
"139",8.0687917,-0.953157278078308,-0.0840146428163729,2.31109459454185,0.407492534703406,"Study2","G8","T1","TurnTaking","Study2_G8_T1_TurnTaking.csv",1.86062708320333,11,49,0.716830347333234,3,43
"140",8.0704583,-0.953157278078308,-0.0840146428163729,2.32441181671039,0.402264201644265,"Study2","G8","T1","TurnTaking","Study2_G8_T1_TurnTaking.csv",1.86062708320333,11,49,0.716830347333234,3,43
"141",8.072125,-0.953157278078308,-0.0840146428163729,2.25530056281751,0.415062704474658,"Study2","G8","T1","TurnTaking","Study2_G8_T1_TurnTaking.csv",1.86062708320333,11,49,0.716830347333234,3,43
"142",8.0737917,-0.953157278078308,-0.0840146428163729,2.13983212824444,0.430670241582474,"Study2","G8","T1","TurnTaking","Study2_G8_T1_TurnTaking.csv",1.86062708320333,11,49,0.716830347333234,3,43
"143",8.0754583,-0.953157278078308,-0.140817513674924,2.01846538167038,0.45590818273276,"Study2","G8","T1","TurnTaking","Study2_G8_T1_TurnTaking.csv",1.86062708320333,11,49,0.716830347333234,3,43
"144",8.077125,-0.953157278078308,-0.237535915407052,1.90060266601722,0.477726095049217,"Study2","G8","T1","TurnTaking","Study2_G8_T1_TurnTaking.csv",1.86062708320333,11,49,0.716830347333234,3,43
"145",8.0787917,-0.953157278078308,-0.237535915407052,1.68786547018179,0.488527988070722,"Study2","G8","T1","TurnTaking","Study2_G8_T1_TurnTaking.csv",1.86062708320333,11,49,0.716830347333234,3,43
"146",8.0804583,-0.953157278078308,-0.237535915407052,1.32246591002507,0.47836647668912,"Study2","G8","T1","TurnTaking","Study2_G8_T1_TurnTaking.csv",1.86062708320333,11,49,0.716830347333234,3,43
"147",8.082125,-0.953157278078308,-0.237535915407052,0.88682293826306,0.459059876109993,"Study2","G8","T1","TurnTaking","Study2_G8_T1_TurnTaking.csv",1.86062708320333,11,49,0.716830347333234,3,43
"148",8.0837917,-0.614297163253319,-0.237535915407052,0.427115480957386,0.42278679979491,"Study2","G8","T1","TurnTaking","Study2_G8_T1_TurnTaking.csv",1.86062708320333,11,49,0.716830347333234,3,43
"149",8.0854583,-0.52422042386946,-0.237535915407052,-0.0806794928731571,0.361854821999037,"Study2","G8","T1","TurnTaking","Study2_G8_T1_TurnTaking.csv",1.86062708320333,11,49,0.716830347333234,3,43
"150",8.087125,-0.52422042386946,-0.237535915407052,-0.346612639760677,0.301750104869192,"Study2","G8","T1","TurnTaking","Study2_G8_T1_TurnTaking.csv",1.86062708320333,11,49,0.716830347333234,3,43
"151",8.0887917,-0.52422042386946,-0.363313736382537,-0.411006028328268,0.260784082506453,"Study2","G8","T1","TurnTaking","Study2_G8_T1_TurnTaking.csv",1.86062708320333,11,49,0.716830347333234,3,43
"152",8.0904583,-0.52422042386946,-0.530042475815158,-0.428251462427031,0.224676629511469,"Study2","G8","T1","TurnTaking","Study2_G8_T1_TurnTaking.csv",1.86062708320333,11,49,0.716830347333234,3,43
"153",8.092125,-0.52422042386946,-0.530042475815158,-0.342276716606749,0.191275783968901,"Study2","G8","T1","TurnTaking","Study2_G8_T1_TurnTaking.csv",1.86062708320333,11,49,0.716830347333234,3,43
"154",8.0937917,-0.52422042386946,-0.530042475815158,-0.117034920066231,0.157414445681043,"Study2","G8","T1","TurnTaking","Study2_G8_T1_TurnTaking.csv",1.86062708320333,11,49,0.716830347333234,3,43
"155",8.0954583,-0.52422042386946,-0.530042475815158,0.240335675618732,0.132655827834406,"Study2","G8","T1","TurnTaking","Study2_G8_T1_TurnTaking.csv",1.86062708320333,11,49,0.716830347333234,3,43
"156",8.097125,-0.52422042386946,-0.530042475815158,0.68451727889196,0.121919556455662,"Study2","G8","T1","TurnTaking","Study2_G8_T1_TurnTaking.csv",1.86062708320333,11,49,0.716830347333234,3,43
"157",8.0987917,-0.52422042386946,-0.530042475815158,1.14110993000636,0.118396815485337,"Study2","G8","T1","TurnTaking","Study2_G8_T1_TurnTaking.csv",1.86062708320333,11,49,0.716830347333234,3,43
"158",8.1004583,-0.682340050421685,-0.530042475815158,1.56083311735326,0.109535468564882,"Study2","G8","T1","TurnTaking","Study2_G8_T1_TurnTaking.csv",1.86062708320333,11,49,0.716830347333234,3,43
"159",8.102125,-0.724371849884935,-0.530042475815158,1.91237128017972,0.108236873316932,"Study2","G8","T1","TurnTaking","Study2_G8_T1_TurnTaking.csv",1.86062708320333,11,49,0.716830347333234,3,43
"160",8.1037917,-0.724371849884935,-0.656559621480367,2.16288702713332,0.11784473775167,"Study2","G8","T1","TurnTaking","Study2_G8_T1_TurnTaking.csv",1.86062708320333,11,49,0.716830347333234,3,43
"161",8.1054583,-0.724371849884935,-0.659141604044963,2.25390231162988,0.126287532715903,"Study2","G8","T1","TurnTaking","Study2_G8_T1_TurnTaking.csv",1.86062708320333,11,49,0.716830347333234,3,43
"162",8.107125,-0.724371849884935,-0.659141604044963,2.15645899304778,0.122990473134379,"Study2","G8","T1","TurnTaking","Study2_G8_T1_TurnTaking.csv",1.86062708320333,11,49,0.716830347333234,3,43
"163",8.1087917,-0.724371849884935,-0.659141604044963,1.87129048102437,0.112512408654327,"Study2","G8","T1","TurnTaking","Study2_G8_T1_TurnTaking.csv",1.86062708320333,11,49,0.716830347333234,3,43
"164",8.1104583,-0.724371849884935,-0.659141604044963,1.42272634622429,0.0928216361535553,"Study2","G8","T1","TurnTaking","Study2_G8_T1_TurnTaking.csv",1.86062708320333,11,49,0.716830347333234,3,43
"165",8.112125,-0.724371849884935,-0.659141604044963,0.918624973908361,0.0647983415795396,"Study2","G8","T1","TurnTaking","Study2_G8_T1_TurnTaking.csv",1.86062708320333,11,49,0.716830347333234,3,43
"166",8.1137917,-0.724371849884935,-0.659141604044963,0.473168138662575,0.0282883140717887,"Study2","G8","T1","TurnTaking","Study2_G8_T1_TurnTaking.csv",1.86062708320333,11,49,0.716830347333234,3,43
"167",8.1154583,-0.724371849884935,-0.659141604044963,0.133911394140098,-0.0112838190052522,"Study2","G8","T1","TurnTaking","Study2_G8_T1_TurnTaking.csv",1.86062708320333,11,49,0.716830347333234,3,43
"168",8.117125,-0.729451207869182,-0.659141604044963,-0.115695265462832,-0.0471613109390814,"Study2","G8","T1","TurnTaking","Study2_G8_T1_TurnTaking.csv",1.86062708320333,11,49,0.716830347333234,3,43
"169",8.1187917,-0.730801416953602,-0.659141604044963,-0.301259891924807,-0.0807617318690905,"Study2","G8","T1","TurnTaking","Study2_G8_T1_TurnTaking.csv",1.86062708320333,11,49,0.716830347333234,3,43
"170",8.1204583,-0.730801416953602,-0.659141604044963,-0.46927512150981,-0.123230489851065,"Study2","G8","T1","TurnTaking","Study2_G8_T1_TurnTaking.csv",1.86062708320333,11,49,0.716830347333234,3,43
"171",8.122125,-0.730801416953602,-0.659141604044963,-0.64479429913506,-0.186582479707382,"Study2","G8","T1","TurnTaking","Study2_G8_T1_TurnTaking.csv",1.86062708320333,11,49,0.716830347333234,3,43
"172",8.1237917,-0.730801416953602,-0.659141604044963,-0.71084217290198,-0.253077888907715,"Study2","G8","T1","TurnTaking","Study2_G8_T1_TurnTaking.csv",1.86062708320333,11,49,0.716830347333234,3,43
"173",8.1254583,-0.730801416953602,-0.659141604044963,-0.603327188273385,-0.304793164322005,"Study2","G8","T1","TurnTaking","Study2_G8_T1_TurnTaking.csv",1.86062708320333,11,49,0.716830347333234,3,43
"174",8.127125,-0.730801416953602,-0.659141604044963,-0.319183500257439,-0.355067902021938,"Study2","G8","T1","TurnTaking","Study2_G8_T1_TurnTaking.csv",1.86062708320333,11,49,0.716830347333234,3,43
"175",8.1287917,-0.730801416953602,-0.957215528633107,0.070584620260503,-0.400273938441534,"Study2","G8","T1","TurnTaking","Study2_G8_T1_TurnTaking.csv",1.86062708320333,11,49,0.716830347333234,3,43
"176",8.1304583,-0.730801416953602,-1.46474680563454,0.472087743133548,-0.433169069367604,"Study2","G8","T1","TurnTaking","Study2_G8_T1_TurnTaking.csv",1.86062708320333,11,49,0.716830347333234,3,43
"177",8.132125,-0.730801416953602,-1.46474680563454,0.862792848802299,-0.458084180566652,"Study2","G8","T1","TurnTaking","Study2_G8_T1_TurnTaking.csv",1.86062708320333,11,49,0.716830347333234,3,43
"178",8.1337917,-0.925490452248996,-1.46474680563454,1.23761592731958,-0.477056538734932,"Study2","G8","T1","TurnTaking","Study2_G8_T1_TurnTaking.csv",1.86062708320333,11,49,0.716830347333234,3,43
"179",8.1354583,-0.977243233783216,-1.46474680563454,1.62217018427444,-0.464283999250152,"Study2","G8","T1","TurnTaking","Study2_G8_T1_TurnTaking.csv",1.86062708320333,11,49,0.716830347333234,3,43
"180",8.137125,-0.977243233783216,-1.46474680563454,1.98803134658604,-0.411736755530244,"Study2","G8","T1","TurnTaking","Study2_G8_T1_TurnTaking.csv",1.86062708320333,11,49,0.716830347333234,3,43
"181",8.1387917,-0.977243233783216,-1.46474680563454,2.24044436802772,-0.356542962426619,"Study2","G8","T1","TurnTaking","Study2_G8_T1_TurnTaking.csv",1.86062708320333,11,49,0.716830347333234,3,43
"182",8.1404583,-0.977243233783216,-1.46474680563454,2.31936567606621,-0.330138382592631,"Study2","G8","T1","TurnTaking","Study2_G8_T1_TurnTaking.csv",1.86062708320333,11,49,0.716830347333234,3,43
"183",8.142125,-0.977243233783216,-1.46474680563454,2.2511530898637,-0.348523997681177,"Study2","G8","T1","TurnTaking","Study2_G8_T1_TurnTaking.csv",1.86062708320333,11,49,0.716830347333234,3,43
"184",8.1437917,-0.977243233783216,-1.46474680563454,2.08536464251861,-0.379264313577005,"Study2","G8","T1","TurnTaking","Study2_G8_T1_TurnTaking.csv",1.86062708320333,11,49,0.716830347333234,3,43
"185",8.1454583,-0.977243233783216,-1.46474680563454,1.86295800193184,-0.402485815769829,"Study2","G8","T1","TurnTaking","Study2_G8_T1_TurnTaking.csv",1.86062708320333,11,49,0.716830347333234,3,43
"186",8.147125,-0.977243233783216,-1.46474680563454,1.57678360055246,-0.416309157473261,"Study2","G8","T1","TurnTaking","Study2_G8_T1_TurnTaking.csv",1.86062708320333,11,49,0.716830347333234,3,43
"187",8.1487917,-0.977243233783216,-1.46474680563454,1.21009513962151,-0.426966112257711,"Study2","G8","T1","TurnTaking","Study2_G8_T1_TurnTaking.csv",1.86062708320333,11,49,0.716830347333234,3,43
"188",8.1504583,-0.910237052002665,-1.46474680563454,0.809672188198775,-0.451201754142689,"Study2","G8","T1","TurnTaking","Study2_G8_T1_TurnTaking.csv",1.86062708320333,11,49,0.716830347333234,3,43
"189",8.152125,-0.892425282162264,-1.46474680563454,0.412474401734929,-0.544197179870503,"Study2","G8","T1","TurnTaking","Study2_G8_T1_TurnTaking.csv",1.86062708320333,11,49,0.716830347333234,3,43
"190",8.1537917,-0.892425282162264,-1.46474680563454,0.0487125208738458,-0.673183366193782,"Study2","G8","T1","TurnTaking","Study2_G8_T1_TurnTaking.csv",1.86062708320333,11,49,0.716830347333234,3,43
"191",8.1554583,-0.892425282162264,-1.46474680563454,-0.260907236556985,-0.73251232138159,"Study2","G8","T1","TurnTaking","Study2_G8_T1_TurnTaking.csv",1.86062708320333,11,49,0.716830347333234,3,43
"192",8.157125,-0.892425282162264,-1.46474680563454,-0.54524542489839,-0.659883000452009,"Study2","G8","T1","TurnTaking","Study2_G8_T1_TurnTaking.csv",1.86062708320333,11,49,0.716830347333234,3,43
"193",8.1587917,-0.892425282162264,-1.46474680563454,-0.798722260044115,-0.411663145165755,"Study2","G8","T1","TurnTaking","Study2_G8_T1_TurnTaking.csv",1.86062708320333,11,49,0.716830347333234,3,43
"194",8.1604583,-0.892425282162264,-1.46474680563454,-0.987908446713521,-0.0487025636095035,"Study2","G8","T1","TurnTaking","Study2_G8_T1_TurnTaking.csv",1.86062708320333,11,49,0.716830347333234,3,43
"195",8.162125,-0.892425282162264,-1.52298110691021,-1.11834253852912,0.311406614913022,"Study2","G8","T1","TurnTaking","Study2_G8_T1_TurnTaking.csv",1.86062708320333,11,49,0.716830347333234,3,43
"196",8.1637917,-0.892425282162264,-1.67272645304763,-1.20174609312306,0.607540825940231,"Study2","G8","T1","TurnTaking","Study2_G8_T1_TurnTaking.csv",1.86062708320333,11,49,0.716830347333234,3,43
"197",8.1654583,-0.892425282162264,-1.67272645304763,-1.20261518242293,0.767070891198288,"Study2","G8","T1","TurnTaking","Study2_G8_T1_TurnTaking.csv",1.86062708320333,11,49,0.716830347333234,3,43
"198",8.167125,-0.77438927133068,-1.67272645304763,-1.02776936133916,0.761554821501213,"Study2","G8","T1","TurnTaking","Study2_G8_T1_TurnTaking.csv",1.86062708320333,11,49,0.716830347333234,3,43
"199",8.1687917,-0.743012610223549,-1.67272645304763,-0.739570072642953,0.655612388312323,"Study2","G8","T1","TurnTaking","Study2_G8_T1_TurnTaking.csv",1.86062708320333,11,49,0.716830347333234,3,43
"200",8.1704583,-0.743012610223549,-1.67272645304763,-0.390408264599305,0.52723191828288,"Study2","G8","T1","TurnTaking","Study2_G8_T1_TurnTaking.csv",1.86062708320333,11,49,0.716830347333234,3,43
"201",8.172125,-0.743012610223549,-0.975868509880179,-0.0136267381044905,0.441233043575136,"Study2","G8","T1","TurnTaking","Study2_G8_T1_TurnTaking.csv",1.86062708320333,11,49,0.716830347333234,3,43
"202",8.1737917,-0.743012610223549,0.11408878584327,0.348870890641117,0.422581090210427,"Study2","G8","T1","TurnTaking","Study2_G8_T1_TurnTaking.csv",1.86062708320333,11,49,0.716830347333234,3,43
"203",8.1754583,-0.743012610223549,0.11408878584327,0.678571014045747,0.414135870098527,"Study2","G8","T1","TurnTaking","Study2_G8_T1_TurnTaking.csv",1.86062708320333,11,49,0.716830347333234,3,43
"204",8.177125,-0.743012610223549,0.11408878584327,0.962878391563706,0.333906279035471,"Study2","G8","T1","TurnTaking","Study2_G8_T1_TurnTaking.csv",1.86062708320333,11,49,0.716830347333234,3,43
"205",8.1787917,-0.743012610223549,0.11408878584327,1.20713035413057,0.189473471284885,"Study2","G8","T1","TurnTaking","Study2_G8_T1_TurnTaking.csv",1.86062708320333,11,49,0.716830347333234,3,43
"206",8.1804583,-0.743012610223549,0.11408878584327,1.39535882836794,0.00626854387596883,"Study2","G8","T1","TurnTaking","Study2_G8_T1_TurnTaking.csv",1.86062708320333,11,49,0.716830347333234,3,43
"207",8.182125,-0.743012610223549,0.151685020695341,1.50922061854754,-0.18389655733801,"Study2","G8","T1","TurnTaking","Study2_G8_T1_TurnTaking.csv",1.86062708320333,11,49,0.716830347333234,3,43
"208",8.1837917,-0.507166994051927,0.17572195773191,1.53370211458161,-0.357854396691631,"Study2","G8","T1","TurnTaking","Study2_G8_T1_TurnTaking.csv",1.86062708320333,11,49,0.716830347333234,3,43
"209",8.1854583,-0.444473855575926,0.17572195773191,1.42860045772396,-0.470296938907528,"Study2","G8","T1","TurnTaking","Study2_G8_T1_TurnTaking.csv",1.86062708320333,11,49,0.716830347333234,3,43
"210",8.187125,-0.444473855575926,0.17572195773191,1.21772983759252,-0.449342807127855,"Study2","G8","T1","TurnTaking","Study2_G8_T1_TurnTaking.csv",1.86062708320333,11,49,0.716830347333234,3,43
"211",8.1887917,-0.444473855575926,0.17572195773191,0.943303771251841,-0.299982955251851,"Study2","G8","T1","TurnTaking","Study2_G8_T1_TurnTaking.csv",1.86062708320333,11,49,0.716830347333234,3,43
"212",8.1904583,-0.444473855575926,0.17572195773191,0.635571540884943,-0.104666697736848,"Study2","G8","T1","TurnTaking","Study2_G8_T1_TurnTaking.csv",1.86062708320333,11,49,0.716830347333234,3,43
"213",8.192125,-0.444473855575926,0.13677376943196,0.319302023479125,0.0222765156603748,"Study2","G8","T1","TurnTaking","Study2_G8_T1_TurnTaking.csv",1.86062708320333,11,49,0.716830347333234,3,43
"214",8.1937917,-0.444473855575926,0.127036722356973,-0.0263183324980488,0.0204177113012858,"Study2","G8","T1","TurnTaking","Study2_G8_T1_TurnTaking.csv",1.86062708320333,11,49,0.716830347333234,3,43
"215",8.1954583,-0.444473855575926,0.127036722356973,-0.369209297675408,-0.00854083433782608,"Study2","G8","T1","TurnTaking","Study2_G8_T1_TurnTaking.csv",1.86062708320333,11,49,0.716830347333234,3,43
"216",8.197125,-0.444473855575926,0.127036722356973,-0.632848214629518,-0.0122487424653345,"Study2","G8","T1","TurnTaking","Study2_G8_T1_TurnTaking.csv",1.86062708320333,11,49,0.716830347333234,3,43
"217",8.1987917,-0.444473855575926,0.127036722356973,-0.790506189844532,-0.00650042921518225,"Study2","G8","T1","TurnTaking","Study2_G8_T1_TurnTaking.csv",1.86062708320333,11,49,0.716830347333234,3,43
"218",8.2004583,-0.238120015607408,0.127036722356973,-0.878942328320335,0.00249558472867835,"Study2","G8","T1","TurnTaking","Study2_G8_T1_TurnTaking.csv",1.86062708320333,11,49,0.716830347333234,3,43
"219",8.202125,-0.183266463210713,0.0598241578789427,-0.934849631835604,0.0131993305975325,"Study2","G8","T1","TurnTaking","Study2_G8_T1_TurnTaking.csv",1.86062708320333,11,49,0.716830347333234,3,43
"220",8.2037917,-0.183266463210713,0.0349647162226852,-0.889975852255109,-0.00531082295651443,"Study2","G8","T1","TurnTaking","Study2_G8_T1_TurnTaking.csv",1.86062708320333,11,49,0.716830347333234,3,43
"221",8.2054583,-0.183266463210713,0.0349647162226852,-0.727339856325567,-0.150374454412079,"Study2","G8","T1","TurnTaking","Study2_G8_T1_TurnTaking.csv",1.86062708320333,11,49,0.716830347333234,3,43
"222",8.207125,-0.183266463210713,0.0349647162226852,-0.475638172767719,-0.453765277882737,"Study2","G8","T1","TurnTaking","Study2_G8_T1_TurnTaking.csv",1.86062708320333,11,49,0.716830347333234,3,43
"223",8.2087917,-0.183266463210713,0.0349647162226852,-0.143746111363517,-0.7870265025154,"Study2","G8","T1","TurnTaking","Study2_G8_T1_TurnTaking.csv",1.86062708320333,11,49,0.716830347333234,3,43
"224",8.2104583,-0.183266463210713,0.0349647162226852,0.243255757405834,-1.04531200452253,"Study2","G8","T1","TurnTaking","Study2_G8_T1_TurnTaking.csv",1.86062708320333,11,49,0.716830347333234,3,43
"225",8.212125,-0.183266463210713,0.00742584697482508,0.63716843785427,-1.13099218629564,"Study2","G8","T1","TurnTaking","Study2_G8_T1_TurnTaking.csv",1.86062708320333,11,49,0.716830347333234,3,43
"226",8.2137917,-0.183266463210713,-0.127028632294138,0.99014619439145,-0.99073177377872,"Study2","G8","T1","TurnTaking","Study2_G8_T1_TurnTaking.csv",1.86062708320333,11,49,0.716830347333234,3,43
"227",8.2154583,-0.183266463210713,-0.127028632294138,1.25277619692693,-0.642737919723145,"Study2","G8","T1","TurnTaking","Study2_G8_T1_TurnTaking.csv",1.86062708320333,11,49,0.716830347333234,3,43
"228",8.217125,0.647494035007249,-0.127028632294138,1.40170798674546,-0.179507753338979,"Study2","G8","T1","TurnTaking","Study2_G8_T1_TurnTaking.csv",1.86062708320333,11,49,0.716830347333234,3,43
"229",8.2187917,0.868329104153795,-0.127028632294138,1.44114539259792,0.296169412119571,"Study2","G8","T1","TurnTaking","Study2_G8_T1_TurnTaking.csv",1.86062708320333,11,49,0.716830347333234,3,43
"230",8.2204583,0.868329104153795,-0.127028632294138,1.40938111421626,0.701176775963694,"Study2","G8","T1","TurnTaking","Study2_G8_T1_TurnTaking.csv",1.86062708320333,11,49,0.716830347333234,3,43
"231",8.222125,0.868329104153795,-0.127028632294138,1.3290544965106,0.965740129346908,"Study2","G8","T1","TurnTaking","Study2_G8_T1_TurnTaking.csv",1.86062708320333,11,49,0.716830347333234,3,43
"232",8.2237917,0.868329104153795,-0.151510670180919,1.19672884421418,1.07729735000851,"Study2","G8","T1","TurnTaking","Study2_G8_T1_TurnTaking.csv",1.86062708320333,11,49,0.716830347333234,3,43
"233",8.2254583,0.868329104153795,-0.185319198691237,0.995555902752283,1.08337091835756,"Study2","G8","T1","TurnTaking","Study2_G8_T1_TurnTaking.csv",1.86062708320333,11,49,0.716830347333234,3,43
"234",8.227125,0.868329104153795,-0.185319198691237,0.764306667876094,1.03409790929996,"Study2","G8","T1","TurnTaking","Study2_G8_T1_TurnTaking.csv",1.86062708320333,11,49,0.716830347333234,3,43
"235",8.2287917,0.868329104153795,-0.185319198691237,0.525662611294334,0.959378824359916,"Study2","G8","T1","TurnTaking","Study2_G8_T1_TurnTaking.csv",1.86062708320333,11,49,0.716830347333234,3,43
"236",8.2304583,0.868329104153795,-0.185319198691237,0.289743463938069,0.87893496436767,"Study2","G8","T1","TurnTaking","Study2_G8_T1_TurnTaking.csv",1.86062708320333,11,49,0.716830347333234,3,43
"237",8.232125,0.868329104153795,-0.185319198691237,0.0687452701205018,0.795638560095734,"Study2","G8","T1","TurnTaking","Study2_G8_T1_TurnTaking.csv",1.86062708320333,11,49,0.716830347333234,3,43
"238",8.2337917,1.24275456858553,-0.185319198691237,-0.118905641226467,0.716108552806813,"Study2","G8","T1","TurnTaking","Study2_G8_T1_TurnTaking.csv",1.86062708320333,11,49,0.716830347333234,3,43
"239",8.2354583,1.3422853882446,-0.185319198691237,-0.267003634142895,0.636922345863662,"Study2","G8","T1","TurnTaking","Study2_G8_T1_TurnTaking.csv",1.86062708320333,11,49,0.716830347333234,3,43
"240",8.237125,1.3422853882446,-0.185319198691237,-0.406793124389404,0.527910816973969,"Study2","G8","T1","TurnTaking","Study2_G8_T1_TurnTaking.csv",1.86062708320333,11,49,0.716830347333234,3,43
"241",8.2387917,1.3422853882446,-0.185319198691237,-0.537281891411699,0.379765108144797,"Study2","G8","T1","TurnTaking","Study2_G8_T1_TurnTaking.csv",1.86062708320333,11,49,0.716830347333234,3,43
"242",8.2404583,1.3422853882446,-0.185319198691237,-0.638089751914021,0.235368249641986,"Study2","G8","T1","TurnTaking","Study2_G8_T1_TurnTaking.csv",1.86062708320333,11,49,0.716830347333234,3,43
"243",8.242125,1.3422853882446,-0.185319198691237,-0.696800168126657,0.118850746066351,"Study2","G8","T1","TurnTaking","Study2_G8_T1_TurnTaking.csv",1.86062708320333,11,49,0.716830347333234,3,43
"244",8.2437917,1.3422853882446,-0.185319198691237,-0.711470041464115,0.0365823190938479,"Study2","G8","T1","TurnTaking","Study2_G8_T1_TurnTaking.csv",1.86062708320333,11,49,0.716830347333234,3,43
"245",8.2454583,1.3422853882446,-0.185319198691237,-0.692569898087306,-0.0154981550279842,"Study2","G8","T1","TurnTaking","Study2_G8_T1_TurnTaking.csv",1.86062708320333,11,49,0.716830347333234,3,43
"246",8.247125,1.3422853882446,-0.185319198691237,-0.639378540648895,-0.0566385027112771,"Study2","G8","T1","TurnTaking","Study2_G8_T1_TurnTaking.csv",1.86062708320333,11,49,0.716830347333234,3,43
"247",8.2487917,1.3422853882446,-0.185319198691237,-0.510215983507041,-0.10730896744821,"Study2","G8","T1","TurnTaking","Study2_G8_T1_TurnTaking.csv",1.86062708320333,11,49,0.716830347333234,3,43
"248",8.2504583,0.621272491124245,-0.185319198691237,-0.238193721591879,-0.159446503868096,"Study2","G8","T1","TurnTaking","Study2_G8_T1_TurnTaking.csv",1.86062708320333,11,49,0.716830347333234,3,43
"249",8.252125,0.429610834927693,-0.185319198691237,0.171986513438848,-0.167268888996744,"Study2","G8","T1","TurnTaking","Study2_G8_T1_TurnTaking.csv",1.86062708320333,11,49,0.716830347333234,3,43
"250",8.2537917,0.429610834927693,-0.185319198691237,0.678594430271565,-0.141946352989595,"Study2","G8","T1","TurnTaking","Study2_G8_T1_TurnTaking.csv",1.86062708320333,11,49,0.716830347333234,3,43
"251",8.2554583,0.429610834927693,-0.185319198691237,1.16707841239958,-0.118780486537372,"Study2","G8","T1","TurnTaking","Study2_G8_T1_TurnTaking.csv",1.86062708320333,11,49,0.716830347333234,3,43
"252",8.257125,0.429610834927693,-0.185319198691237,1.50610245117552,-0.125977468879355,"Study2","G8","T1","TurnTaking","Study2_G8_T1_TurnTaking.csv",1.86062708320333,11,49,0.716830347333234,3,43
"253",8.2587917,0.429610834927693,-0.185319198691237,1.64498162163842,-0.19647793812431,"Study2","G8","T1","TurnTaking","Study2_G8_T1_TurnTaking.csv",1.86062708320333,11,49,0.716830347333234,3,43
"254",8.2604583,0.429610834927693,-0.56479732203482,1.63922459126784,-0.325751290462542,"Study2","G8","T1","TurnTaking","Study2_G8_T1_TurnTaking.csv",1.86062708320333,11,49,0.716830347333234,3,43
"255",8.262125,0.429610834927693,-1.8121434712933,1.57072832141093,-0.478372395328043,"Study2","G8","T1","TurnTaking","Study2_G8_T1_TurnTaking.csv",1.86062708320333,11,49,0.716830347333234,3,43
"256",8.2637917,0.429610834927693,-1.75949999456633,1.50646523461667,-0.642477858299767,"Study2","G8","T1","TurnTaking","Study2_G8_T1_TurnTaking.csv",1.86062708320333,11,49,0.716830347333234,3,43
"257",8.2654583,0.429610834927693,-1.75949999456633,1.46726815318708,-0.812512379350727,"Study2","G8","T1","TurnTaking","Study2_G8_T1_TurnTaking.csv",1.86062708320333,11,49,0.716830347333234,3,43
"258",8.267125,0.754788183089694,0.532383182617294,1.44415376139911,-0.983823241353397,"Study2","G8","T1","TurnTaking","Study2_G8_T1_TurnTaking.csv",1.86062708320333,11,49,0.716830347333234,3,43
"259",8.2687917,0.841227731335289,2.06030530073971,1.4160043208634,-1.16050109779948,"Study2","G8","T1","TurnTaking","Study2_G8_T1_TurnTaking.csv",1.86062708320333,11,49,0.716830347333234,3,43
"260",8.2704583,0.841227731335289,2.06030530073971,1.34378083768448,-1.3425552213124,"Study2","G8","T1","TurnTaking","Study2_G8_T1_TurnTaking.csv",1.86062708320333,11,49,0.716830347333234,3,43
"261",8.272125,0.841227731335289,2.06030530073971,1.23841275123355,-1.55150266324214,"Study2","G8","T1","TurnTaking","Study2_G8_T1_TurnTaking.csv",1.86062708320333,11,49,0.716830347333234,3,43
"262",8.2737917,0.841227731335289,2.06030530073971,1.13437020242691,-1.81385413929706,"Study2","G8","T1","TurnTaking","Study2_G8_T1_TurnTaking.csv",1.86062708320333,11,49,0.716830347333234,3,43
"263",8.2754583,0.841227731335289,2.06030530073971,1.04792645985411,-2.1087168596679,"Study2","G8","T1","TurnTaking","Study2_G8_T1_TurnTaking.csv",1.86062708320333,11,49,0.716830347333234,3,43
"264",8.277125,0.841227731335289,2.06030530073971,0.985277860208387,-2.33379752512627,"Study2","G8","T1","TurnTaking","Study2_G8_T1_TurnTaking.csv",1.86062708320333,11,49,0.716830347333234,3,43
"265",8.2787917,0.841227731335289,1.94972420693304,0.94644950030592,-2.46422111073751,"Study2","G8","T1","TurnTaking","Study2_G8_T1_TurnTaking.csv",1.86062708320333,11,49,0.716830347333234,3,43
"266",8.2804583,0.841227731335289,1.9045572812937,0.895958851591681,-2.147772894301e-16,"Study2","G8","T1","TurnTaking","Study2_G8_T1_TurnTaking.csv",1.86062708320333,11,49,0.716830347333234,3,43
"267",8.282125,0.841227731335289,1.9045572812937,0.829455873952635,-2.147772894301e-16,"Study2","G8","T1","TurnTaking","Study2_G8_T1_TurnTaking.csv",1.86062708320333,11,49,0.716830347333234,3,43
"268",8.2837917,1.1618474385153,1.89034834996482,0.778309234797408,-2.147772894301e-16,"Study2","G8","T1","TurnTaking","Study2_G8_T1_TurnTaking.csv",1.86062708320333,11,49,0.716830347333234,3,43
"269",8.2854583,1.2470754619429,1.66774175914578,0.765066966959364,-2.147772894301e-16,"Study2","G8","T1","TurnTaking","Study2_G8_T1_TurnTaking.csv",1.86062708320333,11,49,0.716830347333234,3,43
"270",8.287125,1.2470754619429,1.66774175914578,0.797055996293139,-2.147772894301e-16,"Study2","G8","T1","TurnTaking","Study2_G8_T1_TurnTaking.csv",1.86062708320333,11,49,0.716830347333234,3,43
"271",8.2887917,1.2470754619429,1.66774175914578,0.8404787541484,-2.147772894301e-16,"Study2","G8","T1","TurnTaking","Study2_G8_T1_TurnTaking.csv",1.86062708320333,11,49,0.716830347333234,3,43
"272",8.2904583,1.2470754619429,1.77637320684976,0.849225218668674,-2.147772894301e-16,"Study2","G8","T1","TurnTaking","Study2_G8_T1_TurnTaking.csv",1.86062708320333,11,49,0.716830347333234,3,43
"273",8.292125,1.2470754619429,1.81861876984575,0.822179926005884,-2.147772894301e-16,"Study2","G8","T1","TurnTaking","Study2_G8_T1_TurnTaking.csv",1.86062708320333,11,49,0.716830347333234,3,43
"274",8.2937917,1.2470754619429,1.81861876984575,0.797417211183275,-2.147772894301e-16,"Study2","G8","T1","TurnTaking","Study2_G8_T1_TurnTaking.csv",1.86062708320333,11,49,0.716830347333234,3,43
"275",8.2954583,1.2470754619429,1.81861876984575,0.795868155019807,-2.46767694616337,"Study2","G8","T1","TurnTaking","Study2_G8_T1_TurnTaking.csv",1.86062708320333,11,49,0.716830347333234,3,43
"276",8.297125,1.2470754619429,1.81861876984575,0.819170660889828,-2.35481128700741,"Study2","G8","T1","TurnTaking","Study2_G8_T1_TurnTaking.csv",1.86062708320333,11,49,0.716830347333234,3,43
"277",8.2987917,1.2470754619429,1.81861876984575,0.87034206074317,-2.22856423364644,"Study2","G8","T1","TurnTaking","Study2_G8_T1_TurnTaking.csv",1.86062708320333,11,49,0.716830347333234,3,43
"278",8.3004583,1.41652520678944,1.81861876984575,0.94671279279718,-2.07640947041178,"Study2","G8","T1","TurnTaking","Study2_G8_T1_TurnTaking.csv",1.86062708320333,11,49,0.716830347333234,3,43
"279",8.302125,1.46156880984992,1.81861876984575,0.999798833239087,-1.89213833396373,"Study2","G8","T1","TurnTaking","Study2_G8_T1_TurnTaking.csv",1.86062708320333,11,49,0.716830347333234,3,43
"280",8.3037917,1.46156880984992,1.81861876984575,1.02680972981898,-1.68110783284355,"Study2","G8","T1","TurnTaking","Study2_G8_T1_TurnTaking.csv",1.86062708320333,11,49,0.716830347333234,3,43
"281",8.3054583,1.46156880984992,0.601129518400275,1.04611455935682,-1.45599549780976,"Study2","G8","T1","TurnTaking","Study2_G8_T1_TurnTaking.csv",1.86062708320333,11,49,0.716830347333234,3,43
"282",8.307125,1.46156880984992,2.06030530073971,1.07227429293411,-1.25498099921115,"Study2","G8","T1","TurnTaking","Study2_G8_T1_TurnTaking.csv",1.86062708320333,11,49,0.716830347333234,3,43
"283",8.3087917,1.46156880984992,2.06030530073971,1.10483147385222,-1.15078467234269,"Study2","G8","T1","TurnTaking","Study2_G8_T1_TurnTaking.csv",1.86062708320333,11,49,0.716830347333234,3,43
"284",8.3104583,1.46156880984992,2.06030530073971,1.12592299503181,-1.15449386437191,"Study2","G8","T1","TurnTaking","Study2_G8_T1_TurnTaking.csv",1.86062708320333,11,49,0.716830347333234,3,43
"285",8.312125,1.46156880984992,2.03751270762107,1.11942885772506,-1.20314831811861,"Study2","G8","T1","TurnTaking","Study2_G8_T1_TurnTaking.csv",1.86062708320333,11,49,0.716830347333234,3,43
"286",8.3137917,1.46156880984992,2.02031829526841,1.10759660520723,-1.24822396718716,"Study2","G8","T1","TurnTaking","Study2_G8_T1_TurnTaking.csv",1.86062708320333,11,49,0.716830347333234,3,43
"287",8.3154583,1.46156880984992,2.02031829526841,1.10805540637817,-1.29907845783531,"Study2","G8","T1","TurnTaking","Study2_G8_T1_TurnTaking.csv",1.86062708320333,11,49,0.716830347333234,3,43
"288",8.317125,1.74744019593615,2.02031829526841,1.11780888064799,-1.37760602320318,"Study2","G8","T1","TurnTaking","Study2_G8_T1_TurnTaking.csv",1.86062708320333,11,49,0.716830347333234,3,43
"289",8.3187917,1.82343132388313,2.02031829526841,1.12764145470455,-1.50167286881128,"Study2","G8","T1","TurnTaking","Study2_G8_T1_TurnTaking.csv",1.86062708320333,11,49,0.716830347333234,3,43
"290",8.3204583,1.82343132388313,1.0536139231961,1.13304242399546,-1.66678861977004,"Study2","G8","T1","TurnTaking","Study2_G8_T1_TurnTaking.csv",1.86062708320333,11,49,0.716830347333234,3,43
"291",8.322125,1.82343132388313,0.748338858331165,1.1294233286539,-1.85391472564544,"Study2","G8","T1","TurnTaking","Study2_G8_T1_TurnTaking.csv",1.86062708320333,11,49,0.716830347333234,3,43
"292",8.3237917,1.82343132388313,0.748338858331165,1.12230322745411,-2.02074990630029,"Study2","G8","T1","TurnTaking","Study2_G8_T1_TurnTaking.csv",1.86062708320333,11,49,0.716830347333234,3,43
"293",8.3254583,1.82343132388313,0.748338858331165,1.12589453703488,-2.12027111908924,"Study2","G8","T1","TurnTaking","Study2_G8_T1_TurnTaking.csv",1.86062708320333,11,49,0.716830347333234,3,43
"294",8.327125,1.82343132388313,1.50185408884067,1.16031818161762,-2.14455398002585,"Study2","G8","T1","TurnTaking","Study2_G8_T1_TurnTaking.csv",1.86062708320333,11,49,0.716830347333234,3,43
"295",8.3287917,1.82343132388313,1.69023289646804,1.20244598857332,-2.12666651879931,"Study2","G8","T1","TurnTaking","Study2_G8_T1_TurnTaking.csv",1.86062708320333,11,49,0.716830347333234,3,43
"296",8.3304583,1.82343132388313,1.69023289646804,1.20794084684622,-2.11507131717912,"Study2","G8","T1","TurnTaking","Study2_G8_T1_TurnTaking.csv",1.86062708320333,11,49,0.716830347333234,3,43
"297",8.332125,1.82343132388313,1.98270814324849,1.20089782872471,-2.1254344011286,"Study2","G8","T1","TurnTaking","Study2_G8_T1_TurnTaking.csv",1.86062708320333,11,49,0.716830347333234,3,43
"298",8.3337917,2.05227805725087,2.04691002668811,1.20142867120284,-2.15337110366532,"Study2","G8","T1","TurnTaking","Study2_G8_T1_TurnTaking.csv",1.86062708320333,11,49,0.716830347333234,3,43
"299",8.3354583,2.11311073320939,2.04691002668811,1.20430819474235,-2.17849078320289,"Study2","G8","T1","TurnTaking","Study2_G8_T1_TurnTaking.csv",1.86062708320333,11,49,0.716830347333234,3,43
"300",8.337125,2.11311073320939,2.00409435685214,1.20038132728441,-2.1994055419969,"Study2","G8","T1","TurnTaking","Study2_G8_T1_TurnTaking.csv",1.86062708320333,11,49,0.716830347333234,3,43
"301",8.3387917,2.11311073320939,1.94248156367356,1.22054381810761,-2.21095109941779,"Study2","G8","T1","TurnTaking","Study2_G8_T1_TurnTaking.csv",1.86062708320333,11,49,0.716830347333234,3,43
"302",8.3404583,2.11311073320939,1.94248156367356,1.24778081011191,-2.20427851959492,"Study2","G8","T1","TurnTaking","Study2_G8_T1_TurnTaking.csv",1.86062708320333,11,49,0.716830347333234,3,43
"303",8.342125,2.11311073320939,1.94248156367356,1.24732256913776,-2.18492798104629,"Study2","G8","T1","TurnTaking","Study2_G8_T1_TurnTaking.csv",1.86062708320333,11,49,0.716830347333234,3,43
"304",8.3437917,2.11311073320939,1.80132867696415,1.23639413812078,-2.16717632808912,"Study2","G8","T1","TurnTaking","Study2_G8_T1_TurnTaking.csv",1.86062708320333,11,49,0.716830347333234,3,43
"305",8.3454583,2.11311073320939,1.15829885973238,1.22147329662144,-2.11395845971134,"Study2","G8","T1","TurnTaking","Study2_G8_T1_TurnTaking.csv",1.86062708320333,11,49,0.716830347333234,3,43
"306",8.347125,2.11311073320939,1.15829885973238,1.19745418701776,-1.96963121721215,"Study2","G8","T1","TurnTaking","Study2_G8_T1_TurnTaking.csv",1.86062708320333,11,49,0.716830347333234,3,43
"307",8.3487917,2.11311073320939,1.15829885973238,1.17224488331423,-1.69054508100711,"Study2","G8","T1","TurnTaking","Study2_G8_T1_TurnTaking.csv",1.86062708320333,11,49,0.716830347333234,3,43
"308",8.3504583,2.59387787264852,2.00618491427927,1.14106500222381,-1.31796750504844,"Study2","G8","T1","TurnTaking","Study2_G8_T1_TurnTaking.csv",1.86062708320333,11,49,0.716830347333234,3,43
"309",8.352125,2.72167673249942,2.06030530073971,1.09688239344271,-0.927091476661488,"Study2","G8","T1","TurnTaking","Study2_G8_T1_TurnTaking.csv",1.86062708320333,11,49,0.716830347333234,3,43
"310",8.3537917,2.72167673249942,2.06030530073971,1.01470566981868,-0.533008547123941,"Study2","G8","T1","TurnTaking","Study2_G8_T1_TurnTaking.csv",1.86062708320333,11,49,0.716830347333234,3,43
"311",8.3554583,2.72167673249942,2.06030530073971,0.857346055413973,-0.140787560371875,"Study2","G8","T1","TurnTaking","Study2_G8_T1_TurnTaking.csv",1.86062708320333,11,49,0.716830347333234,3,43
"312",8.357125,2.72167673249942,1.27037977689529,0.775871370407063,0.240884176683316,"Study2","G8","T1","TurnTaking","Study2_G8_T1_TurnTaking.csv",1.86062708320333,11,49,0.716830347333234,3,43
"313",8.3587917,2.72167673249942,1.20169060090881,0.8773692813152,0.628916933414008,"Study2","G8","T1","TurnTaking","Study2_G8_T1_TurnTaking.csv",1.86062708320333,11,49,0.716830347333234,3,43
"314",8.3604583,2.72167673249942,1.20169060090881,1.09648611023352,1.01286616944026,"Study2","G8","T1","TurnTaking","Study2_G8_T1_TurnTaking.csv",1.86062708320333,11,49,0.716830347333234,3,43
"315",8.362125,2.72167673249942,1.20169060090881,1.30227529732302,1.3506276122089,"Study2","G8","T1","TurnTaking","Study2_G8_T1_TurnTaking.csv",1.86062708320333,11,49,0.716830347333234,3,43
"316",8.3637917,2.72167673249942,1.19138270143129,1.45375463806336,1.61792967058718,"Study2","G8","T1","TurnTaking","Study2_G8_T1_TurnTaking.csv",1.86062708320333,11,49,0.716830347333234,3,43
"317",8.3654583,2.72167673249942,1.18421958484522,1.54012365038439,1.80384206138299,"Study2","G8","T1","TurnTaking","Study2_G8_T1_TurnTaking.csv",1.86062708320333,11,49,0.716830347333234,3,43
"318",8.367125,-6.33553121796357e-16,1.18421958484522,1.57542938083252,1.89128931987107,"Study2","G8","T1","TurnTaking","Study2_G8_T1_TurnTaking.csv",1.86062708320333,11,49,0.716830347333234,3,43
"319",8.3687917,-6.33553121796357e-16,1.26483999853009,1.55084290392002,1.87649221005136,"Study2","G8","T1","TurnTaking","Study2_G8_T1_TurnTaking.csv",1.86062708320333,11,49,0.716830347333234,3,43
"320",8.3704583,-6.33553121796357e-16,1.91713243652582,1.47803771239445,1.76071594572744,"Study2","G8","T1","TurnTaking","Study2_G8_T1_TurnTaking.csv",1.86062708320333,11,49,0.716830347333234,3,43
"321",8.372125,-6.33553121796357e-16,1.91713243652582,1.41474264565316,1.57136441022796,"Study2","G8","T1","TurnTaking","Study2_G8_T1_TurnTaking.csv",1.86062708320333,11,49,0.716830347333234,3,43
"322",8.3737917,-6.33553121796357e-16,1.91713243652582,1.38400834508944,1.31304852254712,"Study2","G8","T1","TurnTaking","Study2_G8_T1_TurnTaking.csv",1.86062708320333,11,49,0.716830347333234,3,43
"323",8.3754583,-6.33553121796357e-16,1.84620259651617,1.37979409667828,0.998616572370364,"Study2","G8","T1","TurnTaking","Study2_G8_T1_TurnTaking.csv",1.86062708320333,11,49,0.716830347333234,3,43
"324",8.377125,-6.33553121796357e-16,1.81861876984575,1.37286423830833,0.666997030052698,"Study2","G8","T1","TurnTaking","Study2_G8_T1_TurnTaking.csv",1.86062708320333,11,49,0.716830347333234,3,43
"325",8.3787917,-6.33553121796357e-16,1.81861876984575,1.35998733081667,0.324501841693292,"Study2","G8","T1","TurnTaking","Study2_G8_T1_TurnTaking.csv",1.86062708320333,11,49,0.716830347333234,3,43
"326",8.3804583,-6.33553121796357e-16,1.81861876984575,1.34982973058261,-0.0394860038836664,"Study2","G8","T1","TurnTaking","Study2_G8_T1_TurnTaking.csv",1.86062708320333,11,49,0.716830347333234,3,43
"327",8.382125,-6.33553121796357e-16,1.81861876984575,1.34819104293275,-0.405524953764153,"Study2","G8","T1","TurnTaking","Study2_G8_T1_TurnTaking.csv",1.86062708320333,11,49,0.716830347333234,3,43
"328",8.3837917,2.73084509577292,1.81861876984575,1.34892008303515,-0.730483756685793,"Study2","G8","T1","TurnTaking","Study2_G8_T1_TurnTaking.csv",1.86062708320333,11,49,0.716830347333234,3,43
"329",8.3854583,2.68641379683213,1.81861876984575,1.33089082158794,-0.987436283410392,"Study2","G8","T1","TurnTaking","Study2_G8_T1_TurnTaking.csv",1.86062708320333,11,49,0.716830347333234,3,43
"330",8.387125,2.68641379683213,1.81861876984575,1.30581473268105,-1.16897370781444,"Study2","G8","T1","TurnTaking","Study2_G8_T1_TurnTaking.csv",1.86062708320333,11,49,0.716830347333234,3,43
"331",8.3887917,2.68641379683213,1.81861876984575,1.26598462887886,-1.28339702505152,"Study2","G8","T1","TurnTaking","Study2_G8_T1_TurnTaking.csv",1.86062708320333,11,49,0.716830347333234,3,43
"332",8.3904583,2.68641379683213,1.81861876984575,1.2205435940289,-1.37205500284855,"Study2","G8","T1","TurnTaking","Study2_G8_T1_TurnTaking.csv",1.86062708320333,11,49,0.716830347333234,3,43
"333",8.392125,2.68641379683213,1.81861876984575,1.19832204388469,-1.48327099096779,"Study2","G8","T1","TurnTaking","Study2_G8_T1_TurnTaking.csv",1.86062708320333,11,49,0.716830347333234,3,43
"334",8.3937917,2.68641379683213,1.81861876984575,1.17932229751864,-1.62398918577084,"Study2","G8","T1","TurnTaking","Study2_G8_T1_TurnTaking.csv",1.86062708320333,11,49,0.716830347333234,3,43
"335",8.3954583,2.68641379683213,1.81861876984575,1.14846665833021,-1.78102020768565,"Study2","G8","T1","TurnTaking","Study2_G8_T1_TurnTaking.csv",1.86062708320333,11,49,0.716830347333234,3,43
"336",8.397125,2.68641379683213,1.81861876984575,1.15987047234312,-1.91038828343866,"Study2","G8","T1","TurnTaking","Study2_G8_T1_TurnTaking.csv",1.86062708320333,11,49,0.716830347333234,3,43
"337",8.3987917,2.68641379683213,1.81861876984575,1.18824219896507,-1.99137751634455,"Study2","G8","T1","TurnTaking","Study2_G8_T1_TurnTaking.csv",1.86062708320333,11,49,0.716830347333234,3,43
"338",8.4004583,2.06329666551279,1.19676722881876,1.193455390292,-2.02683930943706,"Study2","G8","T1","TurnTaking","Study2_G8_T1_TurnTaking.csv",1.86062708320333,11,49,0.716830347333234,3,43
"339",8.402125,1.89765793440259,-1.45428407766473,1.18700102695734,-2.03125507537192,"Study2","G8","T1","TurnTaking","Study2_G8_T1_TurnTaking.csv",1.86062708320333,11,49,0.716830347333234,3,43
"340",8.4037917,1.89765793440259,-1.45428407766473,1.16278416788682,-2.03117090848229,"Study2","G8","T1","TurnTaking","Study2_G8_T1_TurnTaking.csv",1.86062708320333,11,49,0.716830347333234,3,43
"341",8.4054583,1.89765793440259,-1.45428407766473,1.10287694725221,-2.04565232113802,"Study2","G8","T1","TurnTaking","Study2_G8_T1_TurnTaking.csv",1.86062708320333,11,49,0.716830347333234,3,43
"342",8.407125,1.89765793440259,-1.45428407766473,1.0353309952297,-2.079839913115,"Study2","G8","T1","TurnTaking","Study2_G8_T1_TurnTaking.csv",1.86062708320333,11,49,0.716830347333234,3,43
"343",8.4087917,1.89765793440259,-1.45428407766473,1.0540442569574,-2.11279253430636,"Study2","G8","T1","TurnTaking","Study2_G8_T1_TurnTaking.csv",1.86062708320333,11,49,0.716830347333234,3,43
"344",8.4104583,1.89765793440259,-1.45428407766473,1.19366512797014,-2.13139783924241,"Study2","G8","T1","TurnTaking","Study2_G8_T1_TurnTaking.csv",1.86062708320333,11,49,0.716830347333234,3,43
"345",8.412125,1.89765793440259,-1.45428407766473,1.39148506756569,-2.13184135595403,"Study2","G8","T1","TurnTaking","Study2_G8_T1_TurnTaking.csv",1.86062708320333,11,49,0.716830347333234,3,43
"346",8.4137917,1.89765793440259,-1.41130252015847,1.54543353167726,-2.11765994833031,"Study2","G8","T1","TurnTaking","Study2_G8_T1_TurnTaking.csv",1.86062708320333,11,49,0.716830347333234,3,43
"347",8.4154583,1.89765793440259,-0.594652927539386,1.64474656306537,-2.08985705688253,"Study2","G8","T1","TurnTaking","Study2_G8_T1_TurnTaking.csv",1.86062708320333,11,49,0.716830347333234,3,43
"348",8.417125,0.969218232158126,-0.594652927539386,1.68721698637778,-2.06229525364402,"Study2","G8","T1","TurnTaking","Study2_G8_T1_TurnTaking.csv",1.86062708320333,11,49,0.716830347333234,3,43
"349",8.4187917,0.722417804979218,-0.594652927539386,1.69507665937963,-2.04729500204324,"Study2","G8","T1","TurnTaking","Study2_G8_T1_TurnTaking.csv",1.86062708320333,11,49,0.716830347333234,3,43
"350",8.4204583,0.722417804979218,-0.594652927539386,1.67451766126852,-2.03813393540225,"Study2","G8","T1","TurnTaking","Study2_G8_T1_TurnTaking.csv",1.86062708320333,11,49,0.716830347333234,3,43
"351",8.422125,0.722417804979218,-0.594652927539386,1.62684356997461,-2.00766309620898,"Study2","G8","T1","TurnTaking","Study2_G8_T1_TurnTaking.csv",1.86062708320333,11,49,0.716830347333234,3,43
"352",8.4237917,0.722417804979218,-0.594652927539386,1.56657759931574,-1.95417175676778,"Study2","G8","T1","TurnTaking","Study2_G8_T1_TurnTaking.csv",1.86062708320333,11,49,0.716830347333234,3,43
"353",8.4254583,0.722417804979218,-0.594652927539386,1.51943759964133,-1.89845455973526,"Study2","G8","T1","TurnTaking","Study2_G8_T1_TurnTaking.csv",1.86062708320333,11,49,0.716830347333234,3,43
"354",8.427125,0.722417804979218,-0.594652927539386,1.48835328812327,-1.85362313730239,"Study2","G8","T1","TurnTaking","Study2_G8_T1_TurnTaking.csv",1.86062708320333,11,49,0.716830347333234,3,43
"355",8.4287917,0.722417804979218,-0.632811664493282,1.46395156411208,-1.7755519276632,"Study2","G8","T1","TurnTaking","Study2_G8_T1_TurnTaking.csv",1.86062708320333,11,49,0.716830347333234,3,43
"356",8.4304583,0.722417804979218,-0.677606703526116,1.42152225924405,-1.62604785082887,"Study2","G8","T1","TurnTaking","Study2_G8_T1_TurnTaking.csv",1.86062708320333,11,49,0.716830347333234,3,43
"357",8.432125,0.722417804979218,-0.677606703526116,1.34044755474514,-1.44856413207853,"Study2","G8","T1","TurnTaking","Study2_G8_T1_TurnTaking.csv",1.86062708320333,11,49,0.716830347333234,3,43
"358",8.4337917,0.70306505731056,-0.677606703526116,1.22688300498227,-1.30195582421466,"Study2","G8","T1","TurnTaking","Study2_G8_T1_TurnTaking.csv",1.86062708320333,11,49,0.716830347333234,3,43
"359",8.4354583,0.697920656031549,-0.677606703526116,1.11407763390909,-1.21427988856712,"Study2","G8","T1","TurnTaking","Study2_G8_T1_TurnTaking.csv",1.86062708320333,11,49,0.716830347333234,3,43
"360",8.437125,0.697920656031549,-0.677606703526116,1.05209152298712,-1.18409222102794,"Study2","G8","T1","TurnTaking","Study2_G8_T1_TurnTaking.csv",1.86062708320333,11,49,0.716830347333234,3,43
"361",8.4387917,0.697920656031549,-0.677606703526116,1.01232707424871,-1.21268727982845,"Study2","G8","T1","TurnTaking","Study2_G8_T1_TurnTaking.csv",1.86062708320333,11,49,0.716830347333234,3,43
"362",8.4404583,0.697920656031549,-0.677606703526116,0.985695094777515,-1.2699836759596,"Study2","G8","T1","TurnTaking","Study2_G8_T1_TurnTaking.csv",1.86062708320333,11,49,0.716830347333234,3,43
"363",8.442125,0.697920656031549,-0.5539335311102,1.06168231610915,-1.31236569924853,"Study2","G8","T1","TurnTaking","Study2_G8_T1_TurnTaking.csv",1.86062708320333,11,49,0.716830347333234,3,43
"364",8.4437917,0.697920656031549,-0.500930742931951,1.23499364614599,-1.31633238489772,"Study2","G8","T1","TurnTaking","Study2_G8_T1_TurnTaking.csv",1.86062708320333,11,49,0.716830347333234,3,43
"365",8.4454583,0.697920656031549,-0.500930742931951,1.4672438406464,-1.29951755221883,"Study2","G8","T1","TurnTaking","Study2_G8_T1_TurnTaking.csv",1.86062708320333,11,49,0.716830347333234,3,43
"366",8.447125,0.697920656031549,-0.500930742931951,1.70363164863711,-1.28735244089683,"Study2","G8","T1","TurnTaking","Study2_G8_T1_TurnTaking.csv",1.86062708320333,11,49,0.716830347333234,3,43
"367",8.4487917,0.697920656031549,-0.500930742931951,1.84838224165509,-1.25251319747609,"Study2","G8","T1","TurnTaking","Study2_G8_T1_TurnTaking.csv",1.86062708320333,11,49,0.716830347333234,3,43
"368",8.4504583,0.485955897359502,-0.500930742931951,1.87835355419095,-1.1128129940703,"Study2","G8","T1","TurnTaking","Study2_G8_T1_TurnTaking.csv",1.86062708320333,11,49,0.716830347333234,3,43
"369",8.452125,0.429610834927693,-0.500930742931951,1.81988010122045,-0.837989126218366,"Study2","G8","T1","TurnTaking","Study2_G8_T1_TurnTaking.csv",1.86062708320333,11,49,0.716830347333234,3,43
"370",8.4537917,0.429610834927693,-0.483250646273559,1.6967318168151,-0.489250894484684,"Study2","G8","T1","TurnTaking","Study2_G8_T1_TurnTaking.csv",1.86062708320333,11,49,0.716830347333234,3,43
"371",8.4554583,0.429610834927693,-0.42406075746068,1.52691196929107,-0.143465779331011,"Study2","G8","T1","TurnTaking","Study2_G8_T1_TurnTaking.csv",1.86062708320333,11,49,0.716830347333234,3,43
"372",8.457125,0.429610834927693,-0.42406075746068,1.36323636015881,0.141955413203911,"Study2","G8","T1","TurnTaking","Study2_G8_T1_TurnTaking.csv",1.86062708320333,11,49,0.716830347333234,3,43
"373",8.4587917,0.429610834927693,-0.42406075746068,1.23581702338781,0.35111070455431,"Study2","G8","T1","TurnTaking","Study2_G8_T1_TurnTaking.csv",1.86062708320333,11,49,0.716830347333234,3,43
"374",8.4604583,0.429610834927693,-0.42406075746068,1.13059604461391,0.479547666258826,"Study2","G8","T1","TurnTaking","Study2_G8_T1_TurnTaking.csv",1.86062708320333,11,49,0.716830347333234,3,43
"375",8.462125,0.429610834927693,-0.42406075746068,1.05154129770007,0.53177607438836,"Study2","G8","T1","TurnTaking","Study2_G8_T1_TurnTaking.csv",1.86062708320333,11,49,0.716830347333234,3,43
"376",8.4637917,0.429610834927693,-0.42406075746068,1.03382092876281,0.533744010392477,"Study2","G8","T1","TurnTaking","Study2_G8_T1_TurnTaking.csv",1.86062708320333,11,49,0.716830347333234,3,43
"377",8.4654583,0.429610834927693,-0.373790456076445,1.04627892109498,0.515399622814275,"Study2","G8","T1","TurnTaking","Study2_G8_T1_TurnTaking.csv",1.86062708320333,11,49,0.716830347333234,3,43
"378",8.467125,0.349148291975698,-0.256493086179896,0.966345673575195,0.460687863473457,"Study2","G8","T1","TurnTaking","Study2_G8_T1_TurnTaking.csv",1.86062708320333,11,49,0.716830347333234,3,43
"379",8.4687917,0.327759514735294,-0.256493086179896,0.699315437294308,0.386791902182836,"Study2","G8","T1","TurnTaking","Study2_G8_T1_TurnTaking.csv",1.86062708320333,11,49,0.716830347333234,3,43
"380",8.4704583,0.327759514735294,-0.256493086179896,0.342832529442642,0.330270982682233,"Study2","G8","T1","TurnTaking","Study2_G8_T1_TurnTaking.csv",1.86062708320333,11,49,0.716830347333234,3,43
"381",8.472125,0.327759514735294,-0.256493086179896,-0.130124366219986,0.299071885910057,"Study2","G8","T1","TurnTaking","Study2_G8_T1_TurnTaking.csv",1.86062708320333,11,49,0.716830347333234,3,43
"382",8.4737917,0.327759514735294,-0.256493086179896,-0.5296298273402,0.287080671941374,"Study2","G8","T1","TurnTaking","Study2_G8_T1_TurnTaking.csv",1.86062708320333,11,49,0.716830347333234,3,43
"383",8.4754583,0.327759514735294,-0.256493086179896,-0.795213859588247,0.292352087035546,"Study2","G8","T1","TurnTaking","Study2_G8_T1_TurnTaking.csv",1.86062708320333,11,49,0.716830347333234,3,43
"384",8.477125,0.327759514735294,-0.248921749238402,-0.872480682427402,0.33620417777808,"Study2","G8","T1","TurnTaking","Study2_G8_T1_TurnTaking.csv",1.86062708320333,11,49,0.716830347333234,3,43
"385",8.4787917,0.327759514735294,-0.240719467551784,-0.704968061402308,0.411685757675859,"Study2","G8","T1","TurnTaking","Study2_G8_T1_TurnTaking.csv",1.86062708320333,11,49,0.716830347333234,3,43
"386",8.4804583,0.327759514735294,-0.240719467551784,-0.394583411274529,0.42011428706558,"Study2","G8","T1","TurnTaking","Study2_G8_T1_TurnTaking.csv",1.86062708320333,11,49,0.716830347333234,3,43
"387",8.482125,0.327759514735294,-0.240719467551784,-0.0724393342116071,0.355516199275522,"Study2","G8","T1","TurnTaking","Study2_G8_T1_TurnTaking.csv",1.86062708320333,11,49,0.716830347333234,3,43
"388",8.4837917,0.20062790937378,-0.240719467551784,0.264273556687873,0.308080596215234,"Study2","G8","T1","TurnTaking","Study2_G8_T1_TurnTaking.csv",1.86062708320333,11,49,0.716830347333234,3,43
"389",8.4854583,0.1668334319992,-0.240719467551784,0.630484057717667,0.301029265389032,"Study2","G8","T1","TurnTaking","Study2_G8_T1_TurnTaking.csv",1.86062708320333,11,49,0.716830347333234,3,43
"390",8.487125,0.1668334319992,-0.240719467551784,1.00664029255558,0.30522263101723,"Study2","G8","T1","TurnTaking","Study2_G8_T1_TurnTaking.csv",1.86062708320333,11,49,0.716830347333234,3,43
"391",8.4887917,0.1668334319992,-0.269168942062213,1.37950111375715,0.227967554895952,"Study2","G8","T1","TurnTaking","Study2_G8_T1_TurnTaking.csv",1.86062708320333,11,49,0.716830347333234,3,43
"392",8.4904583,0.1668334319992,-0.308456311624234,1.66668050817764,0.00729680648689058,"Study2","G8","T1","TurnTaking","Study2_G8_T1_TurnTaking.csv",1.86062708320333,11,49,0.716830347333234,3,43
"393",8.492125,0.1668334319992,-0.308456311624234,1.78561286358145,-0.1661210808714,"Study2","G8","T1","TurnTaking","Study2_G8_T1_TurnTaking.csv",1.86062708320333,11,49,0.716830347333234,3,43
"394",8.4937917,0.1668334319992,-0.308456311624234,1.71922988009481,-0.155106630789646,"Study2","G8","T1","TurnTaking","Study2_G8_T1_TurnTaking.csv",1.86062708320333,11,49,0.716830347333234,3,43
"395",8.4954583,0.1668334319992,-0.308456311624234,1.51734828969367,0.0167046675669522,"Study2","G8","T1","TurnTaking","Study2_G8_T1_TurnTaking.csv",1.86062708320333,11,49,0.716830347333234,3,43
"396",8.497125,0.1668334319992,-0.308456311624234,1.24286788426437,0.264993853545341,"Study2","G8","T1","TurnTaking","Study2_G8_T1_TurnTaking.csv",1.86062708320333,11,49,0.716830347333234,3,43
"397",8.4987917,0.1668334319992,-0.308456311624234,0.951462253221422,0.511506690185328,"Study2","G8","T1","TurnTaking","Study2_G8_T1_TurnTaking.csv",1.86062708320333,11,49,0.716830347333234,3,43
"398",8.5004583,0.149203334809693,-0.304950601895957,0.670457235780001,0.674789172163378,"Study2","G8","T1","TurnTaking","Study2_G8_T1_TurnTaking.csv",1.86062708320333,11,49,0.716830347333234,3,43
"399",8.502125,0.144516853278306,-0.299467312320959,0.382843688847332,0.728347987772028,"Study2","G8","T1","TurnTaking","Study2_G8_T1_TurnTaking.csv",1.86062708320333,11,49,0.716830347333234,3,43
"400",8.5037917,0.144516853278306,-0.299467312320959,0.0946181829413611,0.729292939427792,"Study2","G8","T1","TurnTaking","Study2_G8_T1_TurnTaking.csv",1.86062708320333,11,49,0.716830347333234,3,43
"401",8.5054583,0.144516853278306,-0.299467312320959,-0.143144684089866,0.682411696593093,"Study2","G8","T1","TurnTaking","Study2_G8_T1_TurnTaking.csv",1.86062708320333,11,49,0.716830347333234,3,43
"402",8.507125,0.144516853278306,-0.299467312320959,-0.30029668956423,0.561345899895369,"Study2","G8","T1","TurnTaking","Study2_G8_T1_TurnTaking.csv",1.86062708320333,11,49,0.716830347333234,3,43
"403",8.5087917,0.144516853278306,-0.299467312320959,-0.388209492198896,0.445642247345721,"Study2","G8","T1","TurnTaking","Study2_G8_T1_TurnTaking.csv",1.86062708320333,11,49,0.716830347333234,3,43
"404",8.5104583,0.144516853278306,-0.299467312320959,-0.432754436263712,0.412761381994166,"Study2","G8","T1","TurnTaking","Study2_G8_T1_TurnTaking.csv",1.86062708320333,11,49,0.716830347333234,3,43
"405",8.512125,0.144516853278306,-0.243958290734532,-0.440686710769525,0.419561781364677,"Study2","G8","T1","TurnTaking","Study2_G8_T1_TurnTaking.csv",1.86062708320333,11,49,0.716830347333234,3,43
"406",8.5137917,0.144516853278306,-0.208468916277635,-0.39014530822612,0.390954454170085,"Study2","G8","T1","TurnTaking","Study2_G8_T1_TurnTaking.csv",1.86062708320333,11,49,0.716830347333234,3,43
"407",8.5154583,0.144516853278306,-0.208468916277635,-0.236435936104489,0.32134101834837,"Study2","G8","T1","TurnTaking","Study2_G8_T1_TurnTaking.csv",1.86062708320333,11,49,0.716830347333234,3,43
"408",8.517125,0.0215392965008092,-0.208468916277635,0.0588775157055382,0.261492938904021,"Study2","G8","T1","TurnTaking","Study2_G8_T1_TurnTaking.csv",1.86062708320333,11,49,0.716830347333234,3,43
"409",8.5187917,-0.0111509401109315,-0.208468916277635,0.466531039135041,0.238421795866568,"Study2","G8","T1","TurnTaking","Study2_G8_T1_TurnTaking.csv",1.86062708320333,11,49,0.716830347333234,3,43
"410",8.5204583,-0.0111509401109315,-0.208468916277635,0.886706081212684,0.253103497188467,"Study2","G8","T1","TurnTaking","Study2_G8_T1_TurnTaking.csv",1.86062708320333,11,49,0.716830347333234,3,43
"411",8.522125,-0.0111509401109315,-0.208468916277635,1.19847990734009,0.28265620400606,"Study2","G8","T1","TurnTaking","Study2_G8_T1_TurnTaking.csv",1.86062708320333,11,49,0.716830347333234,3,43
"412",8.5237917,-0.0111509401109315,-0.208468916277635,1.33696996511272,0.300088022782642,"Study2","G8","T1","TurnTaking","Study2_G8_T1_TurnTaking.csv",1.86062708320333,11,49,0.716830347333234,3,43
"413",8.5254583,-0.0111509401109315,-0.208468916277635,1.26163167574252,0.298201828520487,"Study2","G8","T1","TurnTaking","Study2_G8_T1_TurnTaking.csv",1.86062708320333,11,49,0.716830347333234,3,43
"414",8.527125,-0.0111509401109315,-0.208468916277635,0.967456879927667,0.279665854276572,"Study2","G8","T1","TurnTaking","Study2_G8_T1_TurnTaking.csv",1.86062708320333,11,49,0.716830347333234,3,43
"415",8.5287917,-0.0111509401109315,-0.208468916277635,0.549493942934033,0.24973853347226,"Study2","G8","T1","TurnTaking","Study2_G8_T1_TurnTaking.csv",1.86062708320333,11,49,0.716830347333234,3,43
"416",8.5304583,-0.0111509401109315,-0.208468916277635,0.146982465839144,0.214802712112057,"Study2","G8","T1","TurnTaking","Study2_G8_T1_TurnTaking.csv",1.86062708320333,11,49,0.716830347333234,3,43
"417",8.532125,-0.0111509401109315,-0.208468916277635,-0.169342286970159,0.176386803849323,"Study2","G8","T1","TurnTaking","Study2_G8_T1_TurnTaking.csv",1.86062708320333,11,49,0.716830347333234,3,43
"418",8.5337917,-0.0341261756443251,-0.208468916277635,-0.386274908604609,0.123693052679161,"Study2","G8","T1","TurnTaking","Study2_G8_T1_TurnTaking.csv",1.86062708320333,11,49,0.716830347333234,3,43
"419",8.5354583,-0.0402335167354803,-0.208468916277635,-0.51125514855233,0.0952733177894193,"Study2","G8","T1","TurnTaking","Study2_G8_T1_TurnTaking.csv",1.86062708320333,11,49,0.716830347333234,3,43
"420",8.537125,-0.0402335167354803,-0.208468916277635,-0.576062746626382,0.133265681144852,"Study2","G8","T1","TurnTaking","Study2_G8_T1_TurnTaking.csv",1.86062708320333,11,49,0.716830347333234,3,43
"421",8.5387917,-0.0402335167354803,-0.208468916277635,-0.66238929603073,0.205643072028527,"Study2","G8","T1","TurnTaking","Study2_G8_T1_TurnTaking.csv",1.86062708320333,11,49,0.716830347333234,3,43
"422",8.5404583,-0.0402335167354803,-0.208468916277635,-0.776456006196075,0.236530893964824,"Study2","G8","T1","TurnTaking","Study2_G8_T1_TurnTaking.csv",1.86062708320333,11,49,0.716830347333234,3,43
"423",8.542125,-0.0402335167354803,-0.321163779359228,-0.876039500594363,0.227131877540961,"Study2","G8","T1","TurnTaking","Study2_G8_T1_TurnTaking.csv",1.86062708320333,11,49,0.716830347333234,3,43
"424",8.5437917,-0.0402335167354803,-1.61715470479755,-0.93913345668807,0.157375215351132,"Study2","G8","T1","TurnTaking","Study2_G8_T1_TurnTaking.csv",1.86062708320333,11,49,0.716830347333234,3,43
"425",8.5454583,-0.0402335167354803,-1.61715470479755,-0.964111511156722,-0.0702654074536606,"Study2","G8","T1","TurnTaking","Study2_G8_T1_TurnTaking.csv",1.86062708320333,11,49,0.716830347333234,3,43
"426",8.547125,-0.0402335167354803,-1.61715470479755,-0.947685084764812,-0.361423500779125,"Study2","G8","T1","TurnTaking","Study2_G8_T1_TurnTaking.csv",1.86062708320333,11,49,0.716830347333234,3,43
"427",8.5487917,-0.0402335167354803,-1.61715470479755,-0.836500475044211,-0.448202131789768,"Study2","G8","T1","TurnTaking","Study2_G8_T1_TurnTaking.csv",1.86062708320333,11,49,0.716830347333234,3,43
"428",8.5504583,-0.141515521192669,-1.61715470479755,-0.64740347170376,-0.282711481532799,"Study2","G8","T1","TurnTaking","Study2_G8_T1_TurnTaking.csv",1.86062708320333,11,49,0.716830347333234,3,43
"429",8.552125,-0.168438585668632,-1.61715470479755,-0.359837205380159,-0.0214712937324675,"Study2","G8","T1","TurnTaking","Study2_G8_T1_TurnTaking.csv",1.86062708320333,11,49,0.716830347333234,3,43
"430",8.5537917,-0.168438585668632,-1.61715470479755,0.0268429983924226,0.21358757047501,"Study2","G8","T1","TurnTaking","Study2_G8_T1_TurnTaking.csv",1.86062708320333,11,49,0.716830347333234,3,43
"431",8.5554583,-0.168438585668632,-1.61715470479755,0.456803445956913,0.375786154101534,"Study2","G8","T1","TurnTaking","Study2_G8_T1_TurnTaking.csv",1.86062708320333,11,49,0.716830347333234,3,43
"432",8.557125,-0.168438585668632,-1.61715470479755,0.853940395049373,0.459386557766349,"Study2","G8","T1","TurnTaking","Study2_G8_T1_TurnTaking.csv",1.86062708320333,11,49,0.716830347333234,3,43
"433",8.5587917,-0.168438585668632,-1.61715470479755,1.15360657591703,0.460875741089797,"Study2","G8","T1","TurnTaking","Study2_G8_T1_TurnTaking.csv",1.86062708320333,11,49,0.716830347333234,3,43
"434",8.5604583,-0.168438585668632,-1.61715470479755,1.31772048301772,0.39487178093145,"Study2","G8","T1","TurnTaking","Study2_G8_T1_TurnTaking.csv",1.86062708320333,11,49,0.716830347333234,3,43
"435",8.562125,-0.168438585668632,-1.61715470479755,1.31399282153828,0.341341781783316,"Study2","G8","T1","TurnTaking","Study2_G8_T1_TurnTaking.csv",1.86062708320333,11,49,0.716830347333234,3,43
"436",8.5637917,-0.168438585668632,-1.61715470479755,1.15615760005893,0.316679028597408,"Study2","G8","T1","TurnTaking","Study2_G8_T1_TurnTaking.csv",1.86062708320333,11,49,0.716830347333234,3,43
"437",8.5654583,-0.168438585668632,-1.61715470479755,0.915249340091702,0.26573466482982,"Study2","G8","T1","TurnTaking","Study2_G8_T1_TurnTaking.csv",1.86062708320333,11,49,0.716830347333234,3,43
"438",8.567125,-0.290087240647928,-1.61715470479755,0.638494871813427,0.0440012737752576,"Study2","G8","T1","TurnTaking","Study2_G8_T1_TurnTaking.csv",1.86062708320333,11,49,0.716830347333234,3,43
"439",8.5687917,-0.32242422488293,-1.61715470479755,0.329303104730089,-0.324666678832293,"Study2","G8","T1","TurnTaking","Study2_G8_T1_TurnTaking.csv",1.86062708320333,11,49,0.716830347333234,3,43
"440",8.5704583,-0.32242422488293,-1.61715470479755,0.032413259153246,-0.673099912582879,"Study2","G8","T1","TurnTaking","Study2_G8_T1_TurnTaking.csv",1.86062708320333,11,49,0.716830347333234,3,43
"441",8.572125,-0.32242422488293,-1.61715470479755,-0.211069889339143,-0.861920626054719,"Study2","G8","T1","TurnTaking","Study2_G8_T1_TurnTaking.csv",1.86062708320333,11,49,0.716830347333234,3,43
"442",8.5737917,-0.32242422488293,-1.61715470479755,-0.40125008919257,-0.845895392925153,"Study2","G8","T1","TurnTaking","Study2_G8_T1_TurnTaking.csv",1.86062708320333,11,49,0.716830347333234,3,43
"443",8.5754583,-0.32242422488293,-1.61715470479755,-0.613236173172087,-0.632264420226937,"Study2","G8","T1","TurnTaking","Study2_G8_T1_TurnTaking.csv",1.86062708320333,11,49,0.716830347333234,3,43
"444",8.577125,-0.32242422488293,-1.61715470479755,-0.827880727037816,-0.31407049539527,"Study2","G8","T1","TurnTaking","Study2_G8_T1_TurnTaking.csv",1.86062708320333,11,49,0.716830347333234,3,43
"445",8.5787917,-0.32242422488293,-1.61715470479755,-0.983391804075167,-0.000552683233332955,"Study2","G8","T1","TurnTaking","Study2_G8_T1_TurnTaking.csv",1.86062708320333,11,49,0.716830347333234,3,43
"446",8.5804583,-0.32242422488293,-2.12940350406535,-1.05437389116764,0.285381071393854,"Study2","G8","T1","TurnTaking","Study2_G8_T1_TurnTaking.csv",1.86062708320333,11,49,0.716830347333234,3,43
"447",8.582125,-0.32242422488293,-2.02733091934208,-1.05389503495162,0.458602949758331,"Study2","G8","T1","TurnTaking","Study2_G8_T1_TurnTaking.csv",1.86062708320333,11,49,0.716830347333234,3,43
"448",8.5837917,-0.360105973649779,-1.77785077445446,-1.02367253017516,0.533104627342789,"Study2","G8","T1","TurnTaking","Study2_G8_T1_TurnTaking.csv",1.86062708320333,11,49,0.716830347333234,3,43
"449",8.5854583,-0.370122641043499,-1.77785077445446,-0.988127259579661,0.561602537580864,"Study2","G8","T1","TurnTaking","Study2_G8_T1_TurnTaking.csv",1.86062708320333,11,49,0.716830347333234,3,43
"450",8.587125,-0.370122641043499,-1.77785077445446,-0.938047011033713,0.521876764266316,"Study2","G8","T1","TurnTaking","Study2_G8_T1_TurnTaking.csv",1.86062708320333,11,49,0.716830347333234,3,43
"451",8.5887917,-0.370122641043499,-1.77785077445446,-0.832701892651168,0.460078580785991,"Study2","G8","T1","TurnTaking","Study2_G8_T1_TurnTaking.csv",1.86062708320333,11,49,0.716830347333234,3,43
"452",8.5904583,-0.370122641043499,-1.77785077445446,-0.620152474779714,0.397105199277258,"Study2","G8","T1","TurnTaking","Study2_G8_T1_TurnTaking.csv",1.86062708320333,11,49,0.716830347333234,3,43
"453",8.592125,-0.370122641043499,-1.77785077445446,-0.312687682360321,0.313374693572883,"Study2","G8","T1","TurnTaking","Study2_G8_T1_TurnTaking.csv",1.86062708320333,11,49,0.716830347333234,3,43
"454",8.5937917,-0.370122641043499,-1.77785077445446,0.0645701234452784,0.264640780576136,"Study2","G8","T1","TurnTaking","Study2_G8_T1_TurnTaking.csv",1.86062708320333,11,49,0.716830347333234,3,43
"455",8.5954583,-0.370122641043499,-0.663665081228223,0.450328019222948,0.252348562985221,"Study2","G8","T1","TurnTaking","Study2_G8_T1_TurnTaking.csv",1.86062708320333,11,49,0.716830347333234,3,43
"456",8.597125,-0.370122641043499,-0.349407578010565,0.739866402325759,0.248806563489302,"Study2","G8","T1","TurnTaking","Study2_G8_T1_TurnTaking.csv",1.86062708320333,11,49,0.716830347333234,3,43
"457",8.5987917,-0.370122641043499,-0.349407578010565,0.832700085602381,0.242398610073653,"Study2","G8","T1","TurnTaking","Study2_G8_T1_TurnTaking.csv",1.86062708320333,11,49,0.716830347333234,3,43
"458",8.6004583,-0.35406753857779,1.86452902136057,0.703759926586122,0.249882615774845,"Study2","G8","T1","TurnTaking","Study2_G8_T1_TurnTaking.csv",1.86062708320333,11,49,0.716830347333234,3,43
"459",8.602125,-0.349799726529944,1.98105200027484,0.415938322565679,0.270274541262947,"Study2","G8","T1","TurnTaking","Study2_G8_T1_TurnTaking.csv",1.86062708320333,11,49,0.716830347333234,3,43
"460",8.6037917,-0.349799726529944,1.98105200027484,0.0877246253234049,0.290021948094535,"Study2","G8","T1","TurnTaking","Study2_G8_T1_TurnTaking.csv",1.86062708320333,11,49,0.716830347333234,3,43
"461",8.6054583,-0.349799726529944,2.04286957463744,-0.203598432712712,0.298394699087907,"Study2","G8","T1","TurnTaking","Study2_G8_T1_TurnTaking.csv",1.86062708320333,11,49,0.716830347333234,3,43
"462",8.607125,-0.349799726529944,2.06030530073971,-0.442731877210141,0.304857860276925,"Study2","G8","T1","TurnTaking","Study2_G8_T1_TurnTaking.csv",1.86062708320333,11,49,0.716830347333234,3,43
"463",8.6087917,-0.349799726529944,2.06030530073971,-0.618207023367704,0.301210295529607,"Study2","G8","T1","TurnTaking","Study2_G8_T1_TurnTaking.csv",1.86062708320333,11,49,0.716830347333234,3,43
"464",8.6104583,-0.349799726529944,2.06030530073971,-0.714969478771345,0.267157798543271,"Study2","G8","T1","TurnTaking","Study2_G8_T1_TurnTaking.csv",1.86062708320333,11,49,0.716830347333234,3,43
"465",8.612125,-0.349799726529944,2.06030530073971,-0.795908391568381,0.209473378785361,"Study2","G8","T1","TurnTaking","Study2_G8_T1_TurnTaking.csv",1.86062708320333,11,49,0.716830347333234,3,43
"466",8.6137917,-0.349799726529944,2.06030530073971,-0.871362641674093,0.154827811710284,"Study2","G8","T1","TurnTaking","Study2_G8_T1_TurnTaking.csv",1.86062708320333,11,49,0.716830347333234,3,43
"467",8.6154583,-0.349799726529944,1.92858328341268,-0.910401299451493,0.114797753691365,"Study2","G8","T1","TurnTaking","Study2_G8_T1_TurnTaking.csv",1.86062708320333,11,49,0.716830347333234,3,43
"468",8.617125,-0.306428309323376,1.68593746202077,-0.888099305048257,0.0983434120804364,"Study2","G8","T1","TurnTaking","Study2_G8_T1_TurnTaking.csv",1.86062708320333,11,49,0.716830347333234,3,43
"469",8.6187917,-0.294899198420365,2.06030530073971,-0.818656078537673,0.0212406922949601,"Study2","G8","T1","TurnTaking","Study2_G8_T1_TurnTaking.csv",1.86062708320333,11,49,0.716830347333234,3,43
"470",8.6204583,-0.294899198420365,2.06030530073971,-0.718415585344175,-0.223908783388787,"Study2","G8","T1","TurnTaking","Study2_G8_T1_TurnTaking.csv",1.86062708320333,11,49,0.716830347333234,3,43
"471",8.622125,-0.294899198420365,2.06030530073971,-0.572113471296851,-0.476583064316834,"Study2","G8","T1","TurnTaking","Study2_G8_T1_TurnTaking.csv",1.86062708320333,11,49,0.716830347333234,3,43
"472",8.6237917,-0.294899198420365,2.06030530073971,-0.383648706053496,-0.566425084798473,"Study2","G8","T1","TurnTaking","Study2_G8_T1_TurnTaking.csv",1.86062708320333,11,49,0.716830347333234,3,43
"473",8.6254583,-0.294899198420365,2.06030530073971,-0.154082302334206,-0.501633413162268,"Study2","G8","T1","TurnTaking","Study2_G8_T1_TurnTaking.csv",1.86062708320333,11,49,0.716830347333234,3,43
"474",8.627125,-0.294899198420365,2.06030530073971,0.125007738400575,-0.266970418647537,"Study2","G8","T1","TurnTaking","Study2_G8_T1_TurnTaking.csv",1.86062708320333,11,49,0.716830347333234,3,43
"475",8.6287917,-0.294899198420365,0.725710935130644,0.414245631945277,0.0279062819863207,"Study2","G8","T1","TurnTaking","Study2_G8_T1_TurnTaking.csv",1.86062708320333,11,49,0.716830347333234,3,43
"476",8.6304583,-0.294899198420365,-0.240719467551784,0.656777454249035,0.261851147480051,"Study2","G8","T1","TurnTaking","Study2_G8_T1_TurnTaking.csv",1.86062708320333,11,49,0.716830347333234,3,43
"477",8.632125,-0.294899198420365,-0.240719467551784,0.793393429680686,0.377740537809863,"Study2","G8","T1","TurnTaking","Study2_G8_T1_TurnTaking.csv",1.86062708320333,11,49,0.716830347333234,3,43
"478",8.6337917,-0.223207407336517,-0.240719467551784,0.780305215959868,0.396709757551749,"Study2","G8","T1","TurnTaking","Study2_G8_T1_TurnTaking.csv",1.86062708320333,11,49,0.716830347333234,3,43
"479",8.6354583,-0.204150095782581,-0.240719467551784,0.622719282052038,0.386358656684866,"Study2","G8","T1","TurnTaking","Study2_G8_T1_TurnTaking.csv",1.86062708320333,11,49,0.716830347333234,3,43
"480",8.637125,-0.204150095782581,-0.240719467551784,0.321602751695299,0.377148659123304,"Study2","G8","T1","TurnTaking","Study2_G8_T1_TurnTaking.csv",1.86062708320333,11,49,0.716830347333234,3,43
"481",8.6387917,-0.204150095782581,-0.240719467551784,-0.0173529430722773,0.356935053316618,"Study2","G8","T1","TurnTaking","Study2_G8_T1_TurnTaking.csv",1.86062708320333,11,49,0.716830347333234,3,43
"482",8.6404583,-0.204150095782581,-0.284982522843711,-0.28455056615399,0.317758219309343,"Study2","G8","T1","TurnTaking","Study2_G8_T1_TurnTaking.csv",1.86062708320333,11,49,0.716830347333234,3,43
"483",8.642125,-0.204150095782581,-0.343656805439988,-0.456090778019844,0.295733313506698,"Study2","G8","T1","TurnTaking","Study2_G8_T1_TurnTaking.csv",1.86062708320333,11,49,0.716830347333234,3,43
"484",8.6437917,-0.204150095782581,-0.343656805439988,-0.553020508184954,0.278280809647072,"Study2","G8","T1","TurnTaking","Study2_G8_T1_TurnTaking.csv",1.86062708320333,11,49,0.716830347333234,3,43
"485",8.6454583,-0.204150095782581,-0.343656805439988,-0.597558281730859,0.236325755003322,"Study2","G8","T1","TurnTaking","Study2_G8_T1_TurnTaking.csv",1.86062708320333,11,49,0.716830347333234,3,43
"486",8.647125,-0.204150095782581,-0.343656805439988,-0.603608967258712,0.149321014636642,"Study2","G8","T1","TurnTaking","Study2_G8_T1_TurnTaking.csv",1.86062708320333,11,49,0.716830347333234,3,43
"487",8.6487917,-0.204150095782581,-0.343656805439988,-0.599948081236629,0.0624466616210147,"Study2","G8","T1","TurnTaking","Study2_G8_T1_TurnTaking.csv",1.86062708320333,11,49,0.716830347333234,3,43
"488",8.6504583,-0.176499094662914,-0.343656805439988,-0.561483289050815,-0.00462792990456002,"Study2","G8","T1","TurnTaking","Study2_G8_T1_TurnTaking.csv",1.86062708320333,11,49,0.716830347333234,3,43
"489",8.652125,-0.169148828542497,-0.343656805439988,-0.43649554246611,-0.0889065189817398,"Study2","G8","T1","TurnTaking","Study2_G8_T1_TurnTaking.csv",1.86062708320333,11,49,0.716830347333234,3,43
"490",8.6537917,-0.169148828542497,-0.443957088542263,-0.184065154923943,-0.194557221171833,"Study2","G8","T1","TurnTaking","Study2_G8_T1_TurnTaking.csv",1.86062708320333,11,49,0.716830347333234,3,43
"491",8.6554583,-0.169148828542497,-0.450359234272196,0.118589451739181,-0.3044928739785,"Study2","G8","T1","TurnTaking","Study2_G8_T1_TurnTaking.csv",1.86062708320333,11,49,0.716830347333234,3,43
"492",8.657125,-0.169148828542497,-0.450359234272196,0.383880276987387,-0.412346323529199,"Study2","G8","T1","TurnTaking","Study2_G8_T1_TurnTaking.csv",1.86062708320333,11,49,0.716830347333234,3,43
"493",8.6587917,-0.169148828542497,-0.450359234272196,0.561327651963519,-0.50737473628091,"Study2","G8","T1","TurnTaking","Study2_G8_T1_TurnTaking.csv",1.86062708320333,11,49,0.716830347333234,3,43
"494",8.6604583,-0.169148828542497,-0.450359234272196,0.647045939693379,-0.571188930751459,"Study2","G8","T1","TurnTaking","Study2_G8_T1_TurnTaking.csv",1.86062708320333,11,49,0.716830347333234,3,43
"495",8.662125,-0.169148828542497,-0.450359234272196,0.644037010695397,-0.600309248005552,"Study2","G8","T1","TurnTaking","Study2_G8_T1_TurnTaking.csv",1.86062708320333,11,49,0.716830347333234,3,43
"496",8.6637917,-0.169148828542497,-0.450359234272196,0.600289562780701,-0.602154785380343,"Study2","G8","T1","TurnTaking","Study2_G8_T1_TurnTaking.csv",1.86062708320333,11,49,0.716830347333234,3,43
"497",8.6654583,-0.169148828542497,-0.450359234272196,0.556133731406159,-0.591058878868119,"Study2","G8","T1","TurnTaking","Study2_G8_T1_TurnTaking.csv",1.86062708320333,11,49,0.716830347333234,3,43
"498",8.667125,-0.0443304966815595,-0.538145374012106,0.523122454970151,-0.577165921161062,"Study2","G8","T1","TurnTaking","Study2_G8_T1_TurnTaking.csv",1.86062708320333,11,49,0.716830347333234,3,43
"499",8.6687917,-0.0111509401109315,-0.553637045730914,0.511521675765911,-0.572301217596264,"Study2","G8","T1","TurnTaking","Study2_G8_T1_TurnTaking.csv",1.86062708320333,11,49,0.716830347333234,3,43
"500",8.6704583,-0.0111509401109315,-0.553637045730914,0.507133094113731,-0.597914913979232,"Study2","G8","T1","TurnTaking","Study2_G8_T1_TurnTaking.csv",1.86062708320333,11,49,0.716830347333234,3,43
"501",8.672125,-0.0111509401109315,-0.553637045730914,0.496561284373204,-0.663875649446804,"Study2","G8","T1","TurnTaking","Study2_G8_T1_TurnTaking.csv",1.86062708320333,11,49,0.716830347333234,3,43
"502",8.6737917,-0.0111509401109315,-0.553637045730914,0.481401126805214,-0.757343978969736,"Study2","G8","T1","TurnTaking","Study2_G8_T1_TurnTaking.csv",1.86062708320333,11,49,0.716830347333234,3,43
"503",8.6754583,-0.0111509401109315,-0.553637045730914,0.439055179219523,-0.856631378992406,"Study2","G8","T1","TurnTaking","Study2_G8_T1_TurnTaking.csv",1.86062708320333,11,49,0.716830347333234,3,43
"504",8.677125,-0.0111509401109315,-0.553637045730914,0.347315448234243,-0.977810301696022,"Study2","G8","T1","TurnTaking","Study2_G8_T1_TurnTaking.csv",1.86062708320333,11,49,0.716830347333234,3,43
"505",8.6787917,-0.0111509401109315,-0.553637045730914,0.220682739795637,-1.1314155885472,"Study2","G8","T1","TurnTaking","Study2_G8_T1_TurnTaking.csv",1.86062708320333,11,49,0.716830347333234,3,43
"506",8.6804583,-0.0111509401109315,-0.544925967299103,0.113132798887352,-1.28165063341959,"Study2","G8","T1","TurnTaking","Study2_G8_T1_TurnTaking.csv",1.86062708320333,11,49,0.716830347333234,3,43
"507",8.682125,-0.0111509401109315,-0.544270294728967,0.0571441547981883,-1.40813378203876,"Study2","G8","T1","TurnTaking","Study2_G8_T1_TurnTaking.csv",1.86062708320333,11,49,0.716830347333234,3,43
"508",8.6837917,0.0703550368455799,-0.544270294728967,0.0773893306675791,-1.53214256675859,"Study2","G8","T1","TurnTaking","Study2_G8_T1_TurnTaking.csv",1.86062708320333,11,49,0.716830347333234,3,43
"509",8.6854583,0.0920211826188291,-0.544270294728967,0.224611287843941,-1.65688346076244,"Study2","G8","T1","TurnTaking","Study2_G8_T1_TurnTaking.csv",1.86062708320333,11,49,0.716830347333234,3,43
"510",8.687125,0.0920211826188291,-0.544270294728967,0.424810607284967,-1.76186410891764,"Study2","G8","T1","TurnTaking","Study2_G8_T1_TurnTaking.csv",1.86062708320333,11,49,0.716830347333234,3,43
"511",8.6887917,0.0920211826188291,-0.544270294728967,0.576587300481397,-1.83385789850266,"Study2","G8","T1","TurnTaking","Study2_G8_T1_TurnTaking.csv",1.86062708320333,11,49,0.716830347333234,3,43
"512",8.6904583,0.0920211826188291,-0.544270294728967,0.647357745226644,-1.87001899005781,"Study2","G8","T1","TurnTaking","Study2_G8_T1_TurnTaking.csv",1.86062708320333,11,49,0.716830347333234,3,43
"513",8.692125,0.0920211826188291,-0.540427665278394,0.661318633506789,-1.87243044277355,"Study2","G8","T1","TurnTaking","Study2_G8_T1_TurnTaking.csv",1.86062708320333,11,49,0.716830347333234,3,43
"514",8.6937917,0.0920211826188291,-0.505844000223235,0.643340237928102,-1.83145899949249,"Study2","G8","T1","TurnTaking","Study2_G8_T1_TurnTaking.csv",1.86062708320333,11,49,0.716830347333234,3,43
"515",8.6954583,0.0920211826188291,-0.505844000223235,0.592582823502507,-1.75048417481686,"Study2","G8","T1","TurnTaking","Study2_G8_T1_TurnTaking.csv",1.86062708320333,11,49,0.716830347333234,3,43
"516",8.697125,0.0920211826188291,-0.505844000223235,0.51920040520461,-1.67283023323219,"Study2","G8","T1","TurnTaking","Study2_G8_T1_TurnTaking.csv",1.86062708320333,11,49,0.716830347333234,3,43
"517",8.6987917,0.0920211826188291,-0.505844000223235,0.454208278307961,-1.61758023376498,"Study2","G8","T1","TurnTaking","Study2_G8_T1_TurnTaking.csv",1.86062708320333,11,49,0.716830347333234,3,43
"518",8.7004583,0.199061761534903,-0.505844000223235,0.416286652929647,-1.49384477745283,"Study2","G8","T1","TurnTaking","Study2_G8_T1_TurnTaking.csv",1.86062708320333,11,49,0.716830347333234,3,43
"519",8.702125,0.227515586310061,-0.505844000223235,0.379397470235144,-1.27296974601673,"Study2","G8","T1","TurnTaking","Study2_G8_T1_TurnTaking.csv",1.86062708320333,11,49,0.716830347333234,3,43
"520",8.7037917,0.227515586310061,-0.212578457125823,0.350300176730901,-0.963165690867856,"Study2","G8","T1","TurnTaking","Study2_G8_T1_TurnTaking.csv",1.86062708320333,11,49,0.716830347333234,3,43
"521",8.7054583,0.227515586310061,-0.0985307459212737,0.322919326190954,-0.570627865705849,"Study2","G8","T1","TurnTaking","Study2_G8_T1_TurnTaking.csv",1.86062708320333,11,49,0.716830347333234,3,43
"522",8.707125,0.227515586310061,-0.0985307459212737,0.262413367227287,-0.148262578761123,"Study2","G8","T1","TurnTaking","Study2_G8_T1_TurnTaking.csv",1.86062708320333,11,49,0.716830347333234,3,43
"523",8.7087917,0.227515586310061,-0.0985307459212737,0.176749866743481,0.24229461403545,"Study2","G8","T1","TurnTaking","Study2_G8_T1_TurnTaking.csv",1.86062708320333,11,49,0.716830347333234,3,43
"524",8.7104583,0.227515586310061,0.295479385861892,0.0972952513609988,0.53293515231757,"Study2","G8","T1","TurnTaking","Study2_G8_T1_TurnTaking.csv",1.86062708320333,11,49,0.716830347333234,3,43
"525",8.712125,0.227515586310061,1.13275091590112,0.0484425060211077,0.699169324318176,"Study2","G8","T1","TurnTaking","Study2_G8_T1_TurnTaking.csv",1.86062708320333,11,49,0.716830347333234,3,43
"526",8.7137917,0.227515586310061,1.13275091590112,0.0368006083724886,0.732656476586548,"Study2","G8","T1","TurnTaking","Study2_G8_T1_TurnTaking.csv",1.86062708320333,11,49,0.716830347333234,3,43
"527",8.7154583,0.227515586310061,1.13275091590112,0.0722870583050495,0.676530570844222,"Study2","G8","T1","TurnTaking","Study2_G8_T1_TurnTaking.csv",1.86062708320333,11,49,0.716830347333234,3,43
"528",8.717125,0.167823286278143,1.65044271951342,0.138581306620173,0.59995653325021,"Study2","G8","T1","TurnTaking","Study2_G8_T1_TurnTaking.csv",1.86062708320333,11,49,0.716830347333234,3,43
"529",8.7187917,0.151955712851938,1.91713243652582,0.201100948964862,0.508789526207771,"Study2","G8","T1","TurnTaking","Study2_G8_T1_TurnTaking.csv",1.86062708320333,11,49,0.716830347333234,3,43
"530",8.7204583,0.151955712851938,1.91713243652582,0.26810362214051,0.426722101180161,"Study2","G8","T1","TurnTaking","Study2_G8_T1_TurnTaking.csv",1.86062708320333,11,49,0.716830347333234,3,43
"531",8.722125,0.151955712851938,1.91713243652582,0.39491996308685,0.351667632583312,"Study2","G8","T1","TurnTaking","Study2_G8_T1_TurnTaking.csv",1.86062708320333,11,49,0.716830347333234,3,43
"532",8.7237917,0.151955712851938,1.46552531034598,0.600904882934742,0.252141854810522,"Study2","G8","T1","TurnTaking","Study2_G8_T1_TurnTaking.csv",1.86062708320333,11,49,0.716830347333234,3,43
"533",8.7254583,0.151955712851938,0.866883305875041,0.784596211331246,0.113305289285778,"Study2","G8","T1","TurnTaking","Study2_G8_T1_TurnTaking.csv",1.86062708320333,11,49,0.716830347333234,3,43
"534",8.727125,0.151955712851938,0.866883305875041,0.900109573686864,-0.00553365123041312,"Study2","G8","T1","TurnTaking","Study2_G8_T1_TurnTaking.csv",1.86062708320333,11,49,0.716830347333234,3,43
"535",8.7287917,0.151955712851938,0.945786688976928,0.947654259522307,-0.0726898418422036,"Study2","G8","T1","TurnTaking","Study2_G8_T1_TurnTaking.csv",1.86062708320333,11,49,0.716830347333234,3,43
"536",8.7304583,0.151955712851938,1.99407449304486,0.944942010744264,-0.153273647120426,"Study2","G8","T1","TurnTaking","Study2_G8_T1_TurnTaking.csv",1.86062708320333,11,49,0.716830347333234,3,43
"537",8.732125,0.151955712851938,1.99407449304486,0.914093990232184,-0.257287802602348,"Study2","G8","T1","TurnTaking","Study2_G8_T1_TurnTaking.csv",1.86062708320333,11,49,0.716830347333234,3,43
"538",8.7337917,0.151808057096581,1.99407449304486,0.872841770859121,-0.337053477182231,"Study2","G8","T1","TurnTaking","Study2_G8_T1_TurnTaking.csv",1.86062708320333,11,49,0.716830347333234,3,43
"539",8.7354583,0.151768806832499,1.99407449304486,0.826149032301777,-0.439590717734786,"Study2","G8","T1","TurnTaking","Study2_G8_T1_TurnTaking.csv",1.86062708320333,11,49,0.716830347333234,3,43
"540",8.737125,0.151768806832499,1.99407449304486,0.796022097097675,-0.553605183606309,"Study2","G8","T1","TurnTaking","Study2_G8_T1_TurnTaking.csv",1.86062708320333,11,49,0.716830347333234,3,43
"541",8.7387917,0.151768806832499,1.99407449304486,0.826358097743773,-0.637248383994664,"Study2","G8","T1","TurnTaking","Study2_G8_T1_TurnTaking.csv",1.86062708320333,11,49,0.716830347333234,3,43
"542",8.7404583,0.151768806832499,1.99407449304486,0.877764556170162,-0.683126186318093,"Study2","G8","T1","TurnTaking","Study2_G8_T1_TurnTaking.csv",1.86062708320333,11,49,0.716830347333234,3,43
"543",8.742125,0.151768806832499,1.99407449304486,0.892164078536808,-0.712855928915397,"Study2","G8","T1","TurnTaking","Study2_G8_T1_TurnTaking.csv",1.86062708320333,11,49,0.716830347333234,3,43
"544",8.7437917,0.151768806832499,1.99407449304486,0.888131221846223,-0.737134367523915,"Study2","G8","T1","TurnTaking","Study2_G8_T1_TurnTaking.csv",1.86062708320333,11,49,0.716830347333234,3,43
"545",8.7454583,0.151768806832499,1.99407449304486,0.853848634815186,-0.767989949261811,"Study2","G8","T1","TurnTaking","Study2_G8_T1_TurnTaking.csv",1.86062708320333,11,49,0.716830347333234,3,43
"546",8.747125,0.151768806832499,1.99407449304486,0.790894279761525,-0.831950936494102,"Study2","G8","T1","TurnTaking","Study2_G8_T1_TurnTaking.csv",1.86062708320333,11,49,0.716830347333234,3,43
"547",8.7487917,0.151768806832499,1.99407449304486,0.726209812941895,-0.904345731378684,"Study2","G8","T1","TurnTaking","Study2_G8_T1_TurnTaking.csv",1.86062708320333,11,49,0.716830347333234,3,43
"548",8.7504583,0.211608762619774,1.99407449304486,0.68954011534968,-0.96014424218593,"Study2","G8","T1","TurnTaking","Study2_G8_T1_TurnTaking.csv",1.86062708320333,11,49,0.716830347333234,3,43
"549",8.752125,0.227515586310061,1.99407449304486,0.68180872741273,-1.00253824855746,"Study2","G8","T1","TurnTaking","Study2_G8_T1_TurnTaking.csv",1.86062708320333,11,49,0.716830347333234,3,43
"550",8.7537917,0.227515586310061,1.99407449304486,0.674577707248529,-1.044367480834,"Study2","G8","T1","TurnTaking","Study2_G8_T1_TurnTaking.csv",1.86062708320333,11,49,0.716830347333234,3,43
"551",8.7554583,0.227515586310061,1.99407449304486,0.681498266351759,-1.07689598649507,"Study2","G8","T1","TurnTaking","Study2_G8_T1_TurnTaking.csv",1.86062708320333,11,49,0.716830347333234,3,43
"552",8.757125,0.227515586310061,1.99407449304486,0.700217914322859,-1.09400297813999,"Study2","G8","T1","TurnTaking","Study2_G8_T1_TurnTaking.csv",1.86062708320333,11,49,0.716830347333234,3,43
"553",8.7587917,0.227515586310061,1.99407449304486,0.72199422005844,-1.09820632967034,"Study2","G8","T1","TurnTaking","Study2_G8_T1_TurnTaking.csv",1.86062708320333,11,49,0.716830347333234,3,43
"554",8.7604583,0.227515586310061,1.99407449304486,0.743672043198355,-1.10116315529973,"Study2","G8","T1","TurnTaking","Study2_G8_T1_TurnTaking.csv",1.86062708320333,11,49,0.716830347333234,3,43
"555",8.762125,0.227515586310061,1.99407449304486,0.747487767613171,-1.12092297318114,"Study2","G8","T1","TurnTaking","Study2_G8_T1_TurnTaking.csv",1.86062708320333,11,49,0.716830347333234,3,43
"556",8.7637917,0.227515586310061,1.99407449304486,0.732639303539088,-1.16037013982544,"Study2","G8","T1","TurnTaking","Study2_G8_T1_TurnTaking.csv",1.86062708320333,11,49,0.716830347333234,3,43
"557",8.7654583,0.227515586310061,1.99407449304486,0.702371758940717,-1.20829819051793,"Study2","G8","T1","TurnTaking","Study2_G8_T1_TurnTaking.csv",1.86062708320333,11,49,0.716830347333234,3,43
"558",8.767125,0.173621235605122,-1.04149501426549,0.628613560636147,-1.2437525655117,"Study2","G8","T1","TurnTaking","Study2_G8_T1_TurnTaking.csv",1.86062708320333,11,49,0.716830347333234,3,43
"559",8.7687917,0.159294889215202,-1.75658484494434,0.511811745663728,-1.26740602930078,"Study2","G8","T1","TurnTaking","Study2_G8_T1_TurnTaking.csv",1.86062708320333,11,49,0.716830347333234,3,43
"560",8.7704583,0.159294889215202,-1.75658484494434,0.420950067126959,-1.27895301327912,"Study2","G8","T1","TurnTaking","Study2_G8_T1_TurnTaking.csv",1.86062708320333,11,49,0.716830347333234,3,43
"561",8.772125,0.159294889215202,-1.75658484494434,0.409951387432518,-1.27542913106283,"Study2","G8","T1","TurnTaking","Study2_G8_T1_TurnTaking.csv",1.86062708320333,11,49,0.716830347333234,3,43
"562",8.7737917,0.159294889215202,-1.75658484494434,0.467738263217303,-1.26689346720852,"Study2","G8","T1","TurnTaking","Study2_G8_T1_TurnTaking.csv",1.86062708320333,11,49,0.716830347333234,3,43
"563",8.7754583,0.159294889215202,-1.75658484494434,0.532617006283674,-1.26430469340158,"Study2","G8","T1","TurnTaking","Study2_G8_T1_TurnTaking.csv",1.86062708320333,11,49,0.716830347333234,3,43
"564",8.777125,0.159294889215202,-1.75658484494434,0.576067437860358,-1.25361307327107,"Study2","G8","T1","TurnTaking","Study2_G8_T1_TurnTaking.csv",1.86062708320333,11,49,0.716830347333234,3,43
"565",8.7787917,0.159294889215202,-1.75658484494434,0.590057120255504,-1.22549904964314,"Study2","G8","T1","TurnTaking","Study2_G8_T1_TurnTaking.csv",1.86062708320333,11,49,0.716830347333234,3,43
"566",8.7804583,0.159294889215202,-1.75658484494434,0.576673010590254,-1.17207276122172,"Study2","G8","T1","TurnTaking","Study2_G8_T1_TurnTaking.csv",1.86062708320333,11,49,0.716830347333234,3,43
"567",8.782125,0.159294889215202,-1.75658484494434,0.555834586320345,-1.08867749651841,"Study2","G8","T1","TurnTaking","Study2_G8_T1_TurnTaking.csv",1.86062708320333,11,49,0.716830347333234,3,43
"568",8.7837917,0.153349284132867,-1.75658484494434,0.597810579945977,-0.976047076686172,"Study2","G8","T1","TurnTaking","Study2_G8_T1_TurnTaking.csv",1.86062708320333,11,49,0.716830347333234,3,43
"569",8.7854583,0.151768806832499,-1.75658484494434,0.73484737520621,-0.835842585221343,"Study2","G8","T1","TurnTaking","Study2_G8_T1_TurnTaking.csv",1.86062708320333,11,49,0.716830347333234,3,43
"570",8.787125,0.151768806832499,-1.75658484494434,0.907645901101567,-0.682425175986508,"Study2","G8","T1","TurnTaking","Study2_G8_T1_TurnTaking.csv",1.86062708320333,11,49,0.716830347333234,3,43
"571",8.7887917,0.151768806832499,-1.75658484494434,1.05006394672571,-0.519656682658175,"Study2","G8","T1","TurnTaking","Study2_G8_T1_TurnTaking.csv",1.86062708320333,11,49,0.716830347333234,3,43
"572",8.7904583,0.151768806832499,-1.75658484494434,1.12064941449092,-0.349220585684663,"Study2","G8","T1","TurnTaking","Study2_G8_T1_TurnTaking.csv",1.86062708320333,11,49,0.716830347333234,3,43
"573",8.792125,0.151768806832499,-1.75658484494434,1.13214386834444,-0.180373816367684,"Study2","G8","T1","TurnTaking","Study2_G8_T1_TurnTaking.csv",1.86062708320333,11,49,0.716830347333234,3,43
"574",8.7937917,0.151768806832499,-1.75658484494434,1.10972826603221,-0.0343961895530496,"Study2","G8","T1","TurnTaking","Study2_G8_T1_TurnTaking.csv",1.86062708320333,11,49,0.716830347333234,3,43
"575",8.7954583,0.151768806832499,-1.75658484494434,1.04704807128753,0.0638181539547271,"Study2","G8","T1","TurnTaking","Study2_G8_T1_TurnTaking.csv",1.86062708320333,11,49,0.716830347333234,3,43
"576",8.797125,0.151768806832499,-1.75658484494434,0.95746599425828,0.0877971581542104,"Study2","G8","T1","TurnTaking","Study2_G8_T1_TurnTaking.csv",1.86062708320333,11,49,0.716830347333234,3,43
"577",8.7987917,0.151768806832499,-1.75658484494434,0.919557365445493,0.0314107630212697,"Study2","G8","T1","TurnTaking","Study2_G8_T1_TurnTaking.csv",1.86062708320333,11,49,0.716830347333234,3,43
"578",8.8004583,0.0520617970991079,-1.75658484494434,0.947479029966423,-0.0890895463027461,"Study2","G8","T1","TurnTaking","Study2_G8_T1_TurnTaking.csv",1.86062708320333,11,49,0.716830347333234,3,43
"579",8.802125,0.0255574021066864,-1.75658484494434,0.976045817110617,-0.248253699574537,"Study2","G8","T1","TurnTaking","Study2_G8_T1_TurnTaking.csv",1.86062708320333,11,49,0.716830347333234,3,43
"580",8.8037917,0.0255574021066864,-1.70536618797975,0.98509221099221,-0.41811931622326,"Study2","G8","T1","TurnTaking","Study2_G8_T1_TurnTaking.csv",1.86062708320333,11,49,0.716830347333234,3,43
"581",8.8054583,0.0255574021066864,-1.50049156012141,0.972968320025549,-0.574275715764657,"Study2","G8","T1","TurnTaking","Study2_G8_T1_TurnTaking.csv",1.86062708320333,11,49,0.716830347333234,3,43
"582",8.807125,0.0255574021066864,-1.08988117964426,0.933579315175737,-0.703835663494863,"Study2","G8","T1","TurnTaking","Study2_G8_T1_TurnTaking.csv",1.86062708320333,11,49,0.716830347333234,3,43
"583",8.8087917,0.0255574021066864,-0.522847797080577,0.889626050960427,-0.803134903944379,"Study2","G8","T1","TurnTaking","Study2_G8_T1_TurnTaking.csv",1.86062708320333,11,49,0.716830347333234,3,43
"584",8.8104583,0.0255574021066864,-0.522847797080577,0.852216893605527,-0.886831029614179,"Study2","G8","T1","TurnTaking","Study2_G8_T1_TurnTaking.csv",1.86062708320333,11,49,0.716830347333234,3,43
"585",8.812125,0.0255574021066864,-0.522847797080577,0.830693908858343,-0.977249093994667,"Study2","G8","T1","TurnTaking","Study2_G8_T1_TurnTaking.csv",1.86062708320333,11,49,0.716830347333234,3,43
"586",8.8137917,0.0255574021066864,-0.522847797080577,0.790785041387492,-1.06946947105917,"Study2","G8","T1","TurnTaking","Study2_G8_T1_TurnTaking.csv",1.86062708320333,11,49,0.716830347333234,3,43
"587",8.8154583,0.0255574021066864,-0.522847797080577,0.72199758123918,-1.13946522427784,"Study2","G8","T1","TurnTaking","Study2_G8_T1_TurnTaking.csv",1.86062708320333,11,49,0.716830347333234,3,43
"588",8.817125,-0.0149494934459757,-0.522847797080577,0.690238008510554,-1.17657882824325,"Study2","G8","T1","TurnTaking","Study2_G8_T1_TurnTaking.csv",1.86062708320333,11,49,0.716830347333234,3,43
"589",8.8187917,-0.0257171492257975,-0.522847797080577,0.72704764326089,-1.18181229690922,"Study2","G8","T1","TurnTaking","Study2_G8_T1_TurnTaking.csv",1.86062708320333,11,49,0.716830347333234,3,43
"590",8.8204583,-0.0257171492257975,-0.522847797080577,0.805175936723573,-1.16961294820839,"Study2","G8","T1","TurnTaking","Study2_G8_T1_TurnTaking.csv",1.86062708320333,11,49,0.716830347333234,3,43
"591",8.822125,-0.0257171492257975,-0.626569715306089,0.874308141976398,-1.14892116034401,"Study2","G8","T1","TurnTaking","Study2_G8_T1_TurnTaking.csv",1.86062708320333,11,49,0.716830347333234,3,43
"592",8.8237917,-0.0257171492257975,-0.753340948692827,0.916028013629681,-1.13002583627811,"Study2","G8","T1","TurnTaking","Study2_G8_T1_TurnTaking.csv",1.86062708320333,11,49,0.716830347333234,3,43
"593",8.8254583,-0.0257171492257975,-0.753340948692827,0.906428145319654,-1.12699040733316,"Study2","G8","T1","TurnTaking","Study2_G8_T1_TurnTaking.csv",1.86062708320333,11,49,0.716830347333234,3,43
"594",8.827125,-0.0257171492257975,-0.753340948692827,0.870851391664559,-1.14385873591646,"Study2","G8","T1","TurnTaking","Study2_G8_T1_TurnTaking.csv",1.86062708320333,11,49,0.716830347333234,3,43
"595",8.8287917,-0.0257171492257975,-0.753340948692827,0.840516287333324,-1.17053536025642,"Study2","G8","T1","TurnTaking","Study2_G8_T1_TurnTaking.csv",1.86062708320333,11,49,0.716830347333234,3,43
"596",8.8304583,-0.0257171492257975,-0.753340948692827,0.811320959390848,-1.18845320715667,"Study2","G8","T1","TurnTaking","Study2_G8_T1_TurnTaking.csv",1.86062708320333,11,49,0.716830347333234,3,43
"597",8.832125,-0.0257171492257975,-0.753340948692827,0.784996303878602,-1.19555660732985,"Study2","G8","T1","TurnTaking","Study2_G8_T1_TurnTaking.csv",1.86062708320333,11,49,0.716830347333234,3,43
"598",8.8337917,0.00889335982964886,-0.753340948692827,0.764994701573466,-1.18946691888159,"Study2","G8","T1","TurnTaking","Study2_G8_T1_TurnTaking.csv",1.86062708320333,11,49,0.716830347333234,3,43
"599",8.8354583,0.0180936217304636,-0.753340948692827,0.751261701347458,-1.18374414100982,"Study2","G8","T1","TurnTaking","Study2_G8_T1_TurnTaking.csv",1.86062708320333,11,49,0.716830347333234,3,43
"600",8.837125,0.0180936217304636,-0.761698705025951,0.73332285566214,-1.1681542932144,"Study2","G8","T1","TurnTaking","Study2_G8_T1_TurnTaking.csv",1.86062708320333,11,49,0.716830347333234,3,43
"601",8.8387917,0.0180936217304636,-0.775335044306313,0.709408054700743,-1.13831998395591,"Study2","G8","T1","TurnTaking","Study2_G8_T1_TurnTaking.csv",1.86062708320333,11,49,0.716830347333234,3,43
"602",8.8404583,0.0180936217304636,-0.775335044306313,0.698546175062399,-1.09509914488559,"Study2","G8","T1","TurnTaking","Study2_G8_T1_TurnTaking.csv",1.86062708320333,11,49,0.716830347333234,3,43
"603",8.842125,0.0180936217304636,-0.775335044306313,0.692713069967749,-1.04180652489736,"Study2","G8","T1","TurnTaking","Study2_G8_T1_TurnTaking.csv",1.86062708320333,11,49,0.716830347333234,3,43
"604",8.8437917,0.0180936217304636,-0.775335044306313,0.685273432518985,-0.965063154933876,"Study2","G8","T1","TurnTaking","Study2_G8_T1_TurnTaking.csv",1.86062708320333,11,49,0.716830347333234,3,43
"605",8.8454583,0.0180936217304636,-0.775335044306313,0.694494719838389,-0.861310630088529,"Study2","G8","T1","TurnTaking","Study2_G8_T1_TurnTaking.csv",1.86062708320333,11,49,0.716830347333234,3,43
"606",8.847125,0.0180936217304636,-0.775335044306313,0.726483637132805,-0.722795895924806,"Study2","G8","T1","TurnTaking","Study2_G8_T1_TurnTaking.csv",1.86062708320333,11,49,0.716830347333234,3,43
"607",8.8487917,0.0180936217304636,-0.775335044306313,0.753514476718415,-0.538194083459542,"Study2","G8","T1","TurnTaking","Study2_G8_T1_TurnTaking.csv",1.86062708320333,11,49,0.716830347333234,3,43
"608",8.8504583,-0.163070146374322,-0.775335044306313,0.743781057493673,-0.303338361033134,"Study2","G8","T1","TurnTaking","Study2_G8_T1_TurnTaking.csv",1.86062708320333,11,49,0.716830347333234,3,43
"609",8.852125,-0.211227603718632,-0.741668421203852,0.71796999039842,0.0134137421824675,"Study2","G8","T1","TurnTaking","Study2_G8_T1_TurnTaking.csv",1.86062708320333,11,49,0.716830347333234,3,43
"610",8.8537917,-0.211227603718632,-0.719224005802212,0.695585310948992,0.366565314703343,"Study2","G8","T1","TurnTaking","Study2_G8_T1_TurnTaking.csv",1.86062708320333,11,49,0.716830347333234,3,43
"611",8.8554583,-0.211227603718632,-0.719224005802212,0.689493619016117,0.66339668435702,"Study2","G8","T1","TurnTaking","Study2_G8_T1_TurnTaking.csv",1.86062708320333,11,49,0.716830347333234,3,43
"612",8.857125,-0.211227603718632,-0.719224005802212,0.686419034954358,0.832068557730465,"Study2","G8","T1","TurnTaking","Study2_G8_T1_TurnTaking.csv",1.86062708320333,11,49,0.716830347333234,3,43
"613",8.8587917,-0.211227603718632,-0.719224005802212,0.64348700948706,0.862242815629604,"Study2","G8","T1","TurnTaking","Study2_G8_T1_TurnTaking.csv",1.86062708320333,11,49,0.716830347333234,3,43
"614",8.8604583,-0.211227603718632,-0.719224005802212,0.542991402675436,0.825255747310127,"Study2","G8","T1","TurnTaking","Study2_G8_T1_TurnTaking.csv",1.86062708320333,11,49,0.716830347333234,3,43
"615",8.862125,-0.211227603718632,-0.719224005802212,0.362845111604861,0.782516799346868,"Study2","G8","T1","TurnTaking","Study2_G8_T1_TurnTaking.csv",1.86062708320333,11,49,0.716830347333234,3,43
"616",8.8637917,-0.211227603718632,-0.719224005802212,0.135142258526896,0.73734514296185,"Study2","G8","T1","TurnTaking","Study2_G8_T1_TurnTaking.csv",1.86062708320333,11,49,0.716830347333234,3,43
"617",8.8654583,-0.211227603718632,-0.694249498990371,-0.0830557356166111,0.713031468384284,"Study2","G8","T1","TurnTaking","Study2_G8_T1_TurnTaking.csv",1.86062708320333,11,49,0.716830347333234,3,43
"618",8.867125,-0.309901023164534,-0.623168210372057,-0.257361526994909,0.725844950067916,"Study2","G8","T1","TurnTaking","Study2_G8_T1_TurnTaking.csv",1.86062708320333,11,49,0.716830347333234,3,43
"619",8.8687917,-0.336130666308381,-0.623168210372057,-0.34348293233479,0.725657215107321,"Study2","G8","T1","TurnTaking","Study2_G8_T1_TurnTaking.csv",1.86062708320333,11,49,0.716830347333234,3,43
"620",8.8704583,-0.336130666308381,-0.623168210372057,-0.255515566532786,0.626626880737381,"Study2","G8","T1","TurnTaking","Study2_G8_T1_TurnTaking.csv",1.86062708320333,11,49,0.716830347333234,3,43
"621",8.872125,-0.336130666308381,-0.623168210372057,0.0746843644478041,0.434376009873807,"Study2","G8","T1","TurnTaking","Study2_G8_T1_TurnTaking.csv",1.86062708320333,11,49,0.716830347333234,3,43
"622",8.8737917,-0.336130666308381,-0.623168210372057,0.52348792735589,0.291542230370422,"Study2","G8","T1","TurnTaking","Study2_G8_T1_TurnTaking.csv",1.86062708320333,11,49,0.716830347333234,3,43
"623",8.8754583,-0.336130666308381,-0.623168210372057,0.927969168403472,0.275799027648984,"Study2","G8","T1","TurnTaking","Study2_G8_T1_TurnTaking.csv",1.86062708320333,11,49,0.716830347333234,3,43
"624",8.877125,-0.336130666308381,-0.623168210372057,1.17345121108163,0.388703631823368,"Study2","G8","T1","TurnTaking","Study2_G8_T1_TurnTaking.csv",1.86062708320333,11,49,0.716830347333234,3,43
"625",8.8787917,-0.336130666308381,-0.623124967743394,1.25973148823113,0.619474121676389,"Study2","G8","T1","TurnTaking","Study2_G8_T1_TurnTaking.csv",1.86062708320333,11,49,0.716830347333234,3,43
"626",8.8804583,-0.336130666308381,-0.621006078938868,1.26726042104821,0.89916511824079,"Study2","G8","T1","TurnTaking","Study2_G8_T1_TurnTaking.csv",1.86062708320333,11,49,0.716830347333234,3,43
"627",8.882125,-0.336130666308381,-0.621006078938868,1.22719727538141,1.10057134951554,"Study2","G8","T1","TurnTaking","Study2_G8_T1_TurnTaking.csv",1.86062708320333,11,49,0.716830347333234,3,43
"628",8.8837917,-0.31442527027105,-0.621006078938868,1.17631011937927,1.15900428396817,"Study2","G8","T1","TurnTaking","Study2_G8_T1_TurnTaking.csv",1.86062708320333,11,49,0.716830347333234,3,43
"629",8.8854583,-0.308655481450999,-0.621006078938868,1.06390831407355,1.06638732393219,"Study2","G8","T1","TurnTaking","Study2_G8_T1_TurnTaking.csv",1.86062708320333,11,49,0.716830347333234,3,43
"630",8.887125,-0.308655481450999,-0.621006078938868,0.991257960940712,0.92196022241141,"Study2","G8","T1","TurnTaking","Study2_G8_T1_TurnTaking.csv",1.86062708320333,11,49,0.716830347333234,3,43
"631",8.8887917,-0.308655481450999,-0.621006078938868,0.985292873482357,0.82279536367381,"Study2","G8","T1","TurnTaking","Study2_G8_T1_TurnTaking.csv",1.86062708320333,11,49,0.716830347333234,3,43
"632",8.8904583,-0.308655481450999,-0.621006078938868,0.83301502823767,0.796658263361948,"Study2","G8","T1","TurnTaking","Study2_G8_T1_TurnTaking.csv",1.86062708320333,11,49,0.716830347333234,3,43
"633",8.892125,-0.308655481450999,-0.621006078938868,0.509982030908513,0.803269073247177,"Study2","G8","T1","TurnTaking","Study2_G8_T1_TurnTaking.csv",1.86062708320333,11,49,0.716830347333234,3,43
"634",8.8937917,-0.308655481450999,-0.600187089333277,0.267378167297572,0.809839226245044,"Study2","G8","T1","TurnTaking","Study2_G8_T1_TurnTaking.csv",1.86062708320333,11,49,0.716830347333234,3,43
"635",8.8954583,-0.308655481450999,-0.594652927539386,0.0489723401450078,0.8184015667237,"Study2","G8","T1","TurnTaking","Study2_G8_T1_TurnTaking.csv",1.86062708320333,11,49,0.716830347333234,3,43
"636",8.897125,-0.308655481450999,-0.594652927539386,-0.099238812522983,0.808023646576731,"Study2","G8","T1","TurnTaking","Study2_G8_T1_TurnTaking.csv",1.86062708320333,11,49,0.716830347333234,3,43
"637",8.8987917,-0.308655481450999,-0.594652927539386,-0.181312347898309,0.762351553837784,"Study2","G8","T1","TurnTaking","Study2_G8_T1_TurnTaking.csv",1.86062708320333,11,49,0.716830347333234,3,43
"638",8.9004583,-0.264939534148599,-0.594652927539386,-0.277661490110353,0.746167544863883,"Study2","G8","T1","TurnTaking","Study2_G8_T1_TurnTaking.csv",1.86062708320333,11,49,0.716830347333234,3,43
"639",8.902125,-0.253318839296063,-0.594652927539386,-0.414263908779687,0.728873959504335,"Study2","G8","T1","TurnTaking","Study2_G8_T1_TurnTaking.csv",1.86062708320333,11,49,0.716830347333234,3,43
"640",8.9037917,-0.253318839296063,-0.594652927539386,-0.399148342876174,0.666456935401623,"Study2","G8","T1","TurnTaking","Study2_G8_T1_TurnTaking.csv",1.86062708320333,11,49,0.716830347333234,3,43
"641",8.9054583,-0.253318839296063,-0.594652927539386,-0.124475789947933,0.543722494453072,"Study2","G8","T1","TurnTaking","Study2_G8_T1_TurnTaking.csv",1.86062708320333,11,49,0.716830347333234,3,43
"642",8.907125,-0.253318839296063,-0.591703780264515,0.348508555357401,0.436987037976983,"Study2","G8","T1","TurnTaking","Study2_G8_T1_TurnTaking.csv",1.86062708320333,11,49,0.716830347333234,3,43
"643",8.9087917,-0.253318839296063,-0.59018452257746,0.935689240365266,0.435289719921386,"Study2","G8","T1","TurnTaking","Study2_G8_T1_TurnTaking.csv",1.86062708320333,11,49,0.716830347333234,3,43
"644",8.9104583,-0.253318839296063,-0.59018452257746,1.47811681218118,0.528603695928083,"Study2","G8","T1","TurnTaking","Study2_G8_T1_TurnTaking.csv",1.86062708320333,11,49,0.716830347333234,3,43
"645",8.912125,-0.253318839296063,-0.59018452257746,1.92002726562875,0.651284640972208,"Study2","G8","T1","TurnTaking","Study2_G8_T1_TurnTaking.csv",1.86062708320333,11,49,0.716830347333234,3,43
"646",8.9137917,-0.253318839296063,-0.59018452257746,2.20629062625837,0.765324927533601,"Study2","G8","T1","TurnTaking","Study2_G8_T1_TurnTaking.csv",1.86062708320333,11,49,0.716830347333234,3,43
"647",8.9154583,-0.253318839296063,-0.59018452257746,2.31413355008778,0.833450035966338,"Study2","G8","T1","TurnTaking","Study2_G8_T1_TurnTaking.csv",1.86062708320333,11,49,0.716830347333234,3,43
"648",8.917125,-6.33553121796357e-16,-0.59018452257746,2.24633943088734,0.863139264332023,"Study2","G8","T1","TurnTaking","Study2_G8_T1_TurnTaking.csv",1.86062708320333,11,49,0.716830347333234,3,43
"649",8.9187917,-6.33553121796357e-16,-0.59018452257746,2.0010751927211,0.894155191127449,"Study2","G8","T1","TurnTaking","Study2_G8_T1_TurnTaking.csv",1.86062708320333,11,49,0.716830347333234,3,43
"650",8.9204583,-6.33553121796357e-16,-0.532454122186156,1.67529353382255,0.916866984342911,"Study2","G8","T1","TurnTaking","Study2_G8_T1_TurnTaking.csv",1.86062708320333,11,49,0.716830347333234,3,43
"651",8.922125,-6.33553121796357e-16,-0.518021522088329,1.35767315787754,0.915953274295332,"Study2","G8","T1","TurnTaking","Study2_G8_T1_TurnTaking.csv",1.86062708320333,11,49,0.716830347333234,3,43
"652",8.9237917,-6.33553121796357e-16,-0.518021522088329,1.03811360472456,0.867471719311726,"Study2","G8","T1","TurnTaking","Study2_G8_T1_TurnTaking.csv",1.86062708320333,11,49,0.716830347333234,3,43
"653",8.9254583,-6.33553121796357e-16,-0.518021522088329,0.77165454509067,0.760048519488349,"Study2","G8","T1","TurnTaking","Study2_G8_T1_TurnTaking.csv",1.86062708320333,11,49,0.716830347333234,3,43
"654",8.927125,-6.33553121796357e-16,-0.518021522088329,0.636720392461698,0.664271306730433,"Study2","G8","T1","TurnTaking","Study2_G8_T1_TurnTaking.csv",1.86062708320333,11,49,0.716830347333234,3,43
"655",8.9287917,-6.33553121796357e-16,-0.518021522088329,0.576515819371004,0.623244227708777,"Study2","G8","T1","TurnTaking","Study2_G8_T1_TurnTaking.csv",1.86062708320333,11,49,0.716830347333234,3,43
"656",8.9304583,-6.33553121796357e-16,-0.518021522088329,0.531399474580477,0.60400710047753,"Study2","G8","T1","TurnTaking","Study2_G8_T1_TurnTaking.csv",1.86062708320333,11,49,0.716830347333234,3,43
"657",8.932125,-6.33553121796357e-16,-0.509540449707256,0.498797589958538,0.594953168301145,"Study2","G8","T1","TurnTaking","Study2_G8_T1_TurnTaking.csv",1.86062708320333,11,49,0.716830347333234,3,43
"658",8.9337917,-6.33553121796357e-16,-0.47090445330459,0.45102210304565,0.593354995988414,"Study2","G8","T1","TurnTaking","Study2_G8_T1_TurnTaking.csv",1.86062708320333,11,49,0.716830347333234,3,43
"659",8.9354583,-2.61784197040325,-0.47090445330459,0.357671582210654,0.576717769712225,"Study2","G8","T1","TurnTaking","Study2_G8_T1_TurnTaking.csv",1.86062708320333,11,49,0.716830347333234,3,43
"660",8.937125,-2.61784197040325,-0.47090445330459,0.229648129221409,0.529230953239435,"Study2","G8","T1","TurnTaking","Study2_G8_T1_TurnTaking.csv",1.86062708320333,11,49,0.716830347333234,3,43
"661",8.9387917,-2.61784197040325,-0.47090445330459,0.119701554406517,0.460822815808353,"Study2","G8","T1","TurnTaking","Study2_G8_T1_TurnTaking.csv",1.86062708320333,11,49,0.716830347333234,3,43
"662",8.9404583,-2.61784197040325,-0.47090445330459,0.0672783388064351,0.362568386036194,"Study2","G8","T1","TurnTaking","Study2_G8_T1_TurnTaking.csv",1.86062708320333,11,49,0.716830347333234,3,43
"663",8.942125,-2.61784197040325,-0.47090445330459,0.050592429261437,0.242325427676399,"Study2","G8","T1","TurnTaking","Study2_G8_T1_TurnTaking.csv",1.86062708320333,11,49,0.716830347333234,3,43
"664",8.9437917,-2.61784197040325,-0.459533083386966,0.0278489997877488,0.1959454771301,"Study2","G8","T1","TurnTaking","Study2_G8_T1_TurnTaking.csv",1.86062708320333,11,49,0.716830347333234,3,43
"665",8.9454583,-2.61784197040325,-0.308456311624234,-0.0638224992285194,0.224289033851941,"Study2","G8","T1","TurnTaking","Study2_G8_T1_TurnTaking.csv",1.86062708320333,11,49,0.716830347333234,3,43
"666",8.947125,-2.61784197040325,-0.308456311624234,-0.382172139354643,0.260500625540872,"Study2","G8","T1","TurnTaking","Study2_G8_T1_TurnTaking.csv",1.86062708320333,11,49,0.716830347333234,3,43
"667",8.9487917,-2.61784197040325,-0.308456311624234,-0.842299744252751,0.289622369352416,"Study2","G8","T1","TurnTaking","Study2_G8_T1_TurnTaking.csv",1.86062708320333,11,49,0.716830347333234,3,43
"668",8.9504583,-0.558556056472318,-0.308456311624234,-1.19899059715283,0.342015402211837,"Study2","G8","T1","TurnTaking","Study2_G8_T1_TurnTaking.csv",1.86062708320333,11,49,0.716830347333234,3,43
"669",8.952125,-0.0111509401109315,-0.308456311624234,-1.26819058621724,0.48807662529312,"Study2","G8","T1","TurnTaking","Study2_G8_T1_TurnTaking.csv",1.86062708320333,11,49,0.716830347333234,3,43
"670",8.9537917,-0.0111509401109315,-0.308456311624234,-0.969667430879724,0.664937794371696,"Study2","G8","T1","TurnTaking","Study2_G8_T1_TurnTaking.csv",1.86062708320333,11,49,0.716830347333234,3,43
"671",8.9554583,-0.0111509401109315,-0.252457654250488,-0.423885288646447,0.797097357745469,"Study2","G8","T1","TurnTaking","Study2_G8_T1_TurnTaking.csv",1.86062708320333,11,49,0.716830347333234,3,43
"672",8.957125,-0.0111509401109315,-0.171874220468755,0.208989528121062,0.886365331508691,"Study2","G8","T1","TurnTaking","Study2_G8_T1_TurnTaking.csv",1.86062708320333,11,49,0.716830347333234,3,43
"673",8.9587917,-0.0111509401109315,-0.171874220468755,0.765917681804526,0.920149635694177,"Study2","G8","T1","TurnTaking","Study2_G8_T1_TurnTaking.csv",1.86062708320333,11,49,0.716830347333234,3,43
"674",8.9604583,-0.0111509401109315,-0.171874220468755,1.14213195302988,0.90179511955807,"Study2","G8","T1","TurnTaking","Study2_G8_T1_TurnTaking.csv",1.86062708320333,11,49,0.716830347333234,3,43
"675",8.962125,-0.0111509401109315,-0.171874220468755,1.27547212171283,0.857196939268489,"Study2","G8","T1","TurnTaking","Study2_G8_T1_TurnTaking.csv",1.86062708320333,11,49,0.716830347333234,3,43
"676",8.9637917,-0.0111509401109315,-0.171874220468755,1.19639754383262,0.819225118340355,"Study2","G8","T1","TurnTaking","Study2_G8_T1_TurnTaking.csv",1.86062708320333,11,49,0.716830347333234,3,43
"677",8.9654583,-0.0111509401109315,-0.171874220468755,0.979150091602242,0.770850127198365,"Study2","G8","T1","TurnTaking","Study2_G8_T1_TurnTaking.csv",1.86062708320333,11,49,0.716830347333234,3,43
"678",8.967125,-0.102156103995345,-0.127477088175884,0.716056022046002,0.728690932183328,"Study2","G8","T1","TurnTaking","Study2_G8_T1_TurnTaking.csv",1.86062708320333,11,49,0.716830347333234,3,43
"679",8.9687917,-0.126347350091202,-0.127028632294138,0.4897814467036,0.718706884548674,"Study2","G8","T1","TurnTaking","Study2_G8_T1_TurnTaking.csv",1.86062708320333,11,49,0.716830347333234,3,43
"680",8.9704583,-0.126347350091202,-0.127028632294138,0.281869449898406,0.718663374546408,"Study2","G8","T1","TurnTaking","Study2_G8_T1_TurnTaking.csv",1.86062708320333,11,49,0.716830347333234,3,43
"681",8.972125,-0.126347350091202,-0.127028632294138,0.0690288417355561,0.718619864544142,"Study2","G8","T1","TurnTaking","Study2_G8_T1_TurnTaking.csv",1.86062708320333,11,49,0.716830347333234,3,43
"682",8.9737917,-0.126347350091202,-0.127028632294138,-0.120341649677731,0.71396729007236,"Study2","G8","T1","TurnTaking","Study2_G8_T1_TurnTaking.csv",1.86062708320333,11,49,0.716830347333234,3,43
"683",8.9754583,-0.126347350091202,-0.041205782451821,-0.262032223750489,0.691279890989314,"Study2","G8","T1","TurnTaking","Study2_G8_T1_TurnTaking.csv",1.86062708320333,11,49,0.716830347333234,3,43
"684",8.977125,-0.126347350091202,0.203059251714775,-0.351279527178087,0.650466367618123,"Study2","G8","T1","TurnTaking","Study2_G8_T1_TurnTaking.csv",1.86062708320333,11,49,0.716830347333234,3,43
"685",8.9787917,-0.126347350091202,0.203059251714775,-0.39749296136198,0.61254818525016,"Study2","G8","T1","TurnTaking","Study2_G8_T1_TurnTaking.csv",1.86062708320333,11,49,0.716830347333234,3,43
"686",8.9804583,-0.126347350091202,0.203059251714775,-0.417987536842241,0.591010163505656,"Study2","G8","T1","TurnTaking","Study2_G8_T1_TurnTaking.csv",1.86062708320333,11,49,0.716830347333234,3,43
"687",8.982125,-0.126347350091202,0.203059251714775,-0.439209919991956,0.567214043971433,"Study2","G8","T1","TurnTaking","Study2_G8_T1_TurnTaking.csv",1.86062708320333,11,49,0.716830347333234,3,43
"688",8.9837917,-0.281248081176668,0.203059251714775,-0.540267516223221,0.519021366871723,"Study2","G8","T1","TurnTaking","Study2_G8_T1_TurnTaking.csv",1.86062708320333,11,49,0.716830347333234,3,43
"689",8.9854583,-0.32242422488293,0.203059251714775,-0.714015463638123,0.417715102743925,"Study2","G8","T1","TurnTaking","Study2_G8_T1_TurnTaking.csv",1.86062708320333,11,49,0.716830347333234,3,43
"690",8.987125,-0.32242422488293,0.203059251714775,-0.768789937204829,0.270031170561748,"Study2","G8","T1","TurnTaking","Study2_G8_T1_TurnTaking.csv",1.86062708320333,11,49,0.716830347333234,3,43
"691",8.9887917,-0.32242422488293,-0.151441332862545,-0.642705885502263,0.153652613681874,"Study2","G8","T1","TurnTaking","Study2_G8_T1_TurnTaking.csv",1.86062708320333,11,49,0.716830347333234,3,43
"692",8.9904583,-0.32242422488293,-0.465809775789602,-0.356845418403949,0.066239021949642,"Study2","G8","T1","TurnTaking","Study2_G8_T1_TurnTaking.csv",1.86062708320333,11,49,0.716830347333234,3,43
"693",8.992125,-0.32242422488293,-0.465809775789602,0.0470268887329971,-0.027317468823782,"Study2","G8","T1","TurnTaking","Study2_G8_T1_TurnTaking.csv",1.86062708320333,11,49,0.716830347333234,3,43
"694",8.9937917,-0.32242422488293,-0.465809775789602,0.4996083067529,-0.115890138485224,"Study2","G8","T1","TurnTaking","Study2_G8_T1_TurnTaking.csv",1.86062708320333,11,49,0.716830347333234,3,43
"695",8.9954583,-0.32242422488293,-0.465809775789602,0.900906061482763,-0.197348851448349,"Study2","G8","T1","TurnTaking","Study2_G8_T1_TurnTaking.csv",1.86062708320333,11,49,0.716830347333234,3,43
"696",8.997125,-0.32242422488293,-0.465809775789602,1.20107843616978,-0.258772278286208,"Study2","G8","T1","TurnTaking","Study2_G8_T1_TurnTaking.csv",1.86062708320333,11,49,0.716830347333234,3,43
"697",8.9987917,-0.32242422488293,-0.465809775789602,1.37585244002509,-0.341458543936207,"Study2","G8","T1","TurnTaking","Study2_G8_T1_TurnTaking.csv",1.86062708320333,11,49,0.716830347333234,3,43
"698",9.0004583,-0.418843433130396,-0.287756164691213,1.39570727077127,-0.502007456526008,"Study2","G8","T1","TurnTaking","Study2_G8_T1_TurnTaking.csv",1.86062708320333,11,49,0.716830347333234,3,43
"699",9.002125,-0.444473855575926,-0.237535915407052,1.28051310854654,-0.682673254327295,"Study2","G8","T1","TurnTaking","Study2_G8_T1_TurnTaking.csv",1.86062708320333,11,49,0.716830347333234,3,43
"700",9.0037917,-0.444473855575926,-0.237535915407052,1.0703877742244,-0.74940047911347,"Study2","G8","T1","TurnTaking","Study2_G8_T1_TurnTaking.csv",1.86062708320333,11,49,0.716830347333234,3,43
"701",9.0054583,-0.444473855575926,-0.237535915407052,0.797516926211879,-0.63788462861796,"Study2","G8","T1","TurnTaking","Study2_G8_T1_TurnTaking.csv",1.86062708320333,11,49,0.716830347333234,3,43
"702",9.007125,-0.444473855575926,-0.237535915407052,0.493238533133513,-0.353003530734112,"Study2","G8","T1","TurnTaking","Study2_G8_T1_TurnTaking.csv",1.86062708320333,11,49,0.716830347333234,3,43
"703",9.0087917,-0.444473855575926,-0.237535915407052,0.155865618376157,0.0205044459943269,"Study2","G8","T1","TurnTaking","Study2_G8_T1_TurnTaking.csv",1.86062708320333,11,49,0.716830347333234,3,43
"704",9.0104583,-0.444473855575926,-0.237535915407052,-0.163348181318087,0.352721002605376,"Study2","G8","T1","TurnTaking","Study2_G8_T1_TurnTaking.csv",1.86062708320333,11,49,0.716830347333234,3,43
"705",9.012125,-0.444473855575926,-0.221644473041873,-0.396852992549183,0.581442955958281,"Study2","G8","T1","TurnTaking","Study2_G8_T1_TurnTaking.csv",1.86062708320333,11,49,0.716830347333234,3,43
"706",9.0137917,-0.444473855575926,-0.221483953422023,-0.525329196584036,0.607125412410402,"Study2","G8","T1","TurnTaking","Study2_G8_T1_TurnTaking.csv",1.86062708320333,11,49,0.716830347333234,3,43
"707",9.0154583,-0.444473855575926,-0.221483953422023,-0.56709679700382,0.660510188009989,"Study2","G8","T1","TurnTaking","Study2_G8_T1_TurnTaking.csv",1.86062708320333,11,49,0.716830347333234,3,43
"708",9.017125,-0.460292708833065,-0.221483953422023,-0.54053416989522,0.56789365594125,"Study2","G8","T1","TurnTaking","Study2_G8_T1_TurnTaking.csv",1.86062708320333,11,49,0.716830347333234,3,43
"709",9.0187917,-0.464497720458379,-0.221483953422023,-0.47452293299836,0.520552633639986,"Study2","G8","T1","TurnTaking","Study2_G8_T1_TurnTaking.csv",1.86062708320333,11,49,0.716830347333234,3,43
"710",9.0204583,-0.464497720458379,-0.221483953422023,-0.409507950072682,0.535930209686647,"Study2","G8","T1","TurnTaking","Study2_G8_T1_TurnTaking.csv",1.86062708320333,11,49,0.716830347333234,3,43
"711",9.022125,-0.464497720458379,-0.209000552089346,-0.375791721996247,0.602343163866293,"Study2","G8","T1","TurnTaking","Study2_G8_T1_TurnTaking.csv",1.86062708320333,11,49,0.716830347333234,3,43
"712",9.0237917,-0.464497720458379,-0.175249133671367,-0.363638924875227,0.687627333290918,"Study2","G8","T1","TurnTaking","Study2_G8_T1_TurnTaking.csv",1.86062708320333,11,49,0.716830347333234,3,43
"713",9.0254583,-0.464497720458379,-0.175249133671367,-0.369807587847035,0.755887108747061,"Study2","G8","T1","TurnTaking","Study2_G8_T1_TurnTaking.csv",1.86062708320333,11,49,0.716830347333234,3,43
"714",9.027125,-0.464497720458379,-0.175249133671367,-0.399636722437621,0.801815839171503,"Study2","G8","T1","TurnTaking","Study2_G8_T1_TurnTaking.csv",1.86062708320333,11,49,0.716830347333234,3,43
"715",9.0287917,-0.464497720458379,-0.175249133671367,-0.431188910314621,0.829295472700816,"Study2","G8","T1","TurnTaking","Study2_G8_T1_TurnTaking.csv",1.86062708320333,11,49,0.716830347333234,3,43
"716",9.0304583,-0.464497720458379,-0.175249133671367,-0.422842426302345,0.83437187739139,"Study2","G8","T1","TurnTaking","Study2_G8_T1_TurnTaking.csv",1.86062708320333,11,49,0.716830347333234,3,43
"717",9.032125,-0.464497720458379,-0.175249133671367,-0.345808645327794,0.810274754234937,"Study2","G8","T1","TurnTaking","Study2_G8_T1_TurnTaking.csv",1.86062708320333,11,49,0.716830347333234,3,43
"718",9.0337917,-0.406114634790618,-0.205439944104334,-0.219565497736893,0.774733501892388,"Study2","G8","T1","TurnTaking","Study2_G8_T1_TurnTaking.csv",1.86062708320333,11,49,0.716830347333234,3,43
"719",9.0354583,-0.390595080372606,-0.326203185836201,-0.0346436410716656,0.750335803080938,"Study2","G8","T1","TurnTaking","Study2_G8_T1_TurnTaking.csv",1.86062708320333,11,49,0.716830347333234,3,43
"720",9.037125,-0.390595080372606,-0.326203185836201,0.200051476298638,0.746310913887742,"Study2","G8","T1","TurnTaking","Study2_G8_T1_TurnTaking.csv",1.86062708320333,11,49,0.716830347333234,3,43
"721",9.0387917,-0.390595080372606,-0.326203185836201,0.468292409881886,0.740268729802615,"Study2","G8","T1","TurnTaking","Study2_G8_T1_TurnTaking.csv",1.86062708320333,11,49,0.716830347333234,3,43
"722",9.0404583,-0.390595080372606,-0.326203185836201,0.745955965510832,0.735025275234489,"Study2","G8","T1","TurnTaking","Study2_G8_T1_TurnTaking.csv",1.86062708320333,11,49,0.716830347333234,3,43
"723",9.042125,-0.390595080372606,-0.326203185836201,1.01274049947966,0.725060200813937,"Study2","G8","T1","TurnTaking","Study2_G8_T1_TurnTaking.csv",1.86062708320333,11,49,0.716830347333234,3,43
"724",9.0437917,-0.390595080372606,-0.326203185836201,1.2416977452096,0.714216509659107,"Study2","G8","T1","TurnTaking","Study2_G8_T1_TurnTaking.csv",1.86062708320333,11,49,0.716830347333234,3,43
"725",9.0454583,-0.390595080372606,-0.326203185836201,1.37581524295824,0.709038106110764,"Study2","G8","T1","TurnTaking","Study2_G8_T1_TurnTaking.csv",1.86062708320333,11,49,0.716830347333234,3,43
"726",9.047125,-0.390595080372606,-0.326203185836201,1.36446688842753,0.728003474147531,"Study2","G8","T1","TurnTaking","Study2_G8_T1_TurnTaking.csv",1.86062708320333,11,49,0.716830347333234,3,43
"727",9.0487917,-0.390595080372606,-0.544567525670817,1.24519964738271,0.761615878160131,"Study2","G8","T1","TurnTaking","Study2_G8_T1_TurnTaking.csv",1.86062708320333,11,49,0.716830347333234,3,43
"728",9.0504583,-0.22680547281471,-0.667397466827788,1.09101220332056,0.781870140854179,"Study2","G8","T1","TurnTaking","Study2_G8_T1_TurnTaking.csv",1.86062708320333,11,49,0.716830347333234,3,43
"729",9.052125,-0.183266463210713,-0.667397466827788,0.958501910162188,0.742069473273435,"Study2","G8","T1","TurnTaking","Study2_G8_T1_TurnTaking.csv",1.86062708320333,11,49,0.716830347333234,3,43
"730",9.0537917,-0.183266463210713,-0.667397466827788,0.887819864470389,0.613104542656181,"Study2","G8","T1","TurnTaking","Study2_G8_T1_TurnTaking.csv",1.86062708320333,11,49,0.716830347333234,3,43
"731",9.0554583,-0.183266463210713,-0.667397466827788,0.897609863570913,0.425664308829996,"Study2","G8","T1","TurnTaking","Study2_G8_T1_TurnTaking.csv",1.86062708320333,11,49,0.716830347333234,3,43
"732",9.057125,-0.183266463210713,-0.667397466827788,0.915222002488354,0.217701191541677,"Study2","G8","T1","TurnTaking","Study2_G8_T1_TurnTaking.csv",1.86062708320333,11,49,0.716830347333234,3,43
"733",9.0587917,-0.183266463210713,-0.667397466827788,0.927427682186342,-0.0203353260339695,"Study2","G8","T1","TurnTaking","Study2_G8_T1_TurnTaking.csv",1.86062708320333,11,49,0.716830347333234,3,43
"734",9.0604583,-0.183266463210713,-0.667397466827788,0.944887671655642,-0.303400130970778,"Study2","G8","T1","TurnTaking","Study2_G8_T1_TurnTaking.csv",1.86062708320333,11,49,0.716830347333234,3,43
"735",9.062125,-0.183266463210713,-0.667397466827788,0.978979455660034,-0.559268616688107,"Study2","G8","T1","TurnTaking","Study2_G8_T1_TurnTaking.csv",1.86062708320333,11,49,0.716830347333234,3,43
"736",9.0637917,-0.183266463210713,-0.729951731559053,1.03742299412196,-0.749986936881713,"Study2","G8","T1","TurnTaking","Study2_G8_T1_TurnTaking.csv",1.86062708320333,11,49,0.716830347333234,3,43
"737",9.0654583,-0.183266463210713,-0.777141790917726,1.05869736353378,-0.8765867779004,"Study2","G8","T1","TurnTaking","Study2_G8_T1_TurnTaking.csv",1.86062708320333,11,49,0.716830347333234,3,43
"738",9.067125,0.010782730478141,-0.777141790917726,1.04885347350206,-0.966317098933599,"Study2","G8","T1","TurnTaking","Study2_G8_T1_TurnTaking.csv",1.86062708320333,11,49,0.716830347333234,3,43
"739",9.0687917,0.0623654275346711,-0.777141790917726,1.03798072604599,-1.04284291888576,"Study2","G8","T1","TurnTaking","Study2_G8_T1_TurnTaking.csv",1.86062708320333,11,49,0.716830347333234,3,43
"740",9.0704583,0.0623654275346711,-0.777141790917726,1.03477348738438,-1.09852944493307,"Study2","G8","T1","TurnTaking","Study2_G8_T1_TurnTaking.csv",1.86062708320333,11,49,0.716830347333234,3,43
"741",9.072125,0.0623654275346711,-0.777141790917726,1.0644788184844,-1.12947375854444,"Study2","G8","T1","TurnTaking","Study2_G8_T1_TurnTaking.csv",1.86062708320333,11,49,0.716830347333234,3,43
"742",9.0737917,0.0623654275346711,-0.777141790917726,1.12044785568591,-1.15658334307088,"Study2","G8","T1","TurnTaking","Study2_G8_T1_TurnTaking.csv",1.86062708320333,11,49,0.716830347333234,3,43
"743",9.0754583,0.0623654275346711,-0.777141790917726,1.20811137074907,-1.20431067712996,"Study2","G8","T1","TurnTaking","Study2_G8_T1_TurnTaking.csv",1.86062708320333,11,49,0.716830347333234,3,43
"744",9.077125,0.0623654275346711,-0.776126111037921,1.32028427964643,-1.24881969757884,"Study2","G8","T1","TurnTaking","Study2_G8_T1_TurnTaking.csv",1.86062708320333,11,49,0.716830347333234,3,43
"745",9.0787917,0.0623654275346711,-0.675573802937209,1.44054710242629,-1.23616085472293,"Study2","G8","T1","TurnTaking","Study2_G8_T1_TurnTaking.csv",1.86062708320333,11,49,0.716830347333234,3,43
"746",9.0804583,0.0623654275346711,-0.675573802937209,1.56818110660719,-1.16624755652494,"Study2","G8","T1","TurnTaking","Study2_G8_T1_TurnTaking.csv",1.86062708320333,11,49,0.716830347333234,3,43
"747",9.082125,0.0623654275346711,-0.675573802937209,1.68378331617369,-1.04571258185486,"Study2","G8","T1","TurnTaking","Study2_G8_T1_TurnTaking.csv",1.86062708320333,11,49,0.716830347333234,3,43
"748",9.0837917,0.168795695995273,-0.675573802937209,1.74048576301256,-0.852134013971329,"Study2","G8","T1","TurnTaking","Study2_G8_T1_TurnTaking.csv",1.86062708320333,11,49,0.716830347333234,3,43
"749",9.0854583,0.19708728634556,-0.675573802937209,1.73249914941813,-0.565751464369953,"Study2","G8","T1","TurnTaking","Study2_G8_T1_TurnTaking.csv",1.86062708320333,11,49,0.716830347333234,3,43
"750",9.087125,0.19708728634556,-0.675573802937209,1.63840726415136,-0.210670615551892,"Study2","G8","T1","TurnTaking","Study2_G8_T1_TurnTaking.csv",1.86062708320333,11,49,0.716830347333234,3,43
"751",9.0887917,0.19708728634556,-0.566860219090852,1.465379953887,0.168777546403904,"Study2","G8","T1","TurnTaking","Study2_G8_T1_TurnTaking.csv",1.86062708320333,11,49,0.716830347333234,3,43
"752",9.0904583,0.19708728634556,-0.240719467551784,1.28727882925704,0.541145846384472,"Study2","G8","T1","TurnTaking","Study2_G8_T1_TurnTaking.csv",1.86062708320333,11,49,0.716830347333234,3,43
"753",9.092125,0.19708728634556,-0.240719467551784,1.15107336603304,0.876509388733166,"Study2","G8","T1","TurnTaking","Study2_G8_T1_TurnTaking.csv",1.86062708320333,11,49,0.716830347333234,3,43
"754",9.0937917,0.19708728634556,-0.240719467551784,1.05522694442026,1.14247818651744,"Study2","G8","T1","TurnTaking","Study2_G8_T1_TurnTaking.csv",1.86062708320333,11,49,0.716830347333234,3,43
"755",9.0954583,0.19708728634556,-0.240719467551784,1.01436372569812,1.28576504066736,"Study2","G8","T1","TurnTaking","Study2_G8_T1_TurnTaking.csv",1.86062708320333,11,49,0.716830347333234,3,43
"756",9.097125,0.19708728634556,-0.240719467551784,1.00761313030094,1.31049041972538,"Study2","G8","T1","TurnTaking","Study2_G8_T1_TurnTaking.csv",1.86062708320333,11,49,0.716830347333234,3,43
"757",9.0987917,0.19708728634556,-0.240719467551784,1.01612386401202,1.24584368632624,"Study2","G8","T1","TurnTaking","Study2_G8_T1_TurnTaking.csv",1.86062708320333,11,49,0.716830347333234,3,43
"758",9.1004583,0.209155683416656,-0.240719467551784,1.01250398439496,1.09715916674769,"Study2","G8","T1","TurnTaking","Study2_G8_T1_TurnTaking.csv",1.86062708320333,11,49,0.716830347333234,3,43
"759",9.102125,0.212363738334289,-0.240719467551784,0.996592714971055,0.886474748465209,"Study2","G8","T1","TurnTaking","Study2_G8_T1_TurnTaking.csv",1.86062708320333,11,49,0.716830347333234,3,43
"760",9.1037917,0.212363738334289,-0.476554425816627,0.980565820929711,0.650584771886584,"Study2","G8","T1","TurnTaking","Study2_G8_T1_TurnTaking.csv",1.86062708320333,11,49,0.716830347333234,3,43
"761",9.1054583,0.212363738334289,-0.685691086919412,0.967586509464853,0.412943553380701,"Study2","G8","T1","TurnTaking","Study2_G8_T1_TurnTaking.csv",1.86062708320333,11,49,0.716830347333234,3,43
"762",9.107125,0.212363738334289,-0.685691086919412,0.958774613959518,0.179381575906908,"Study2","G8","T1","TurnTaking","Study2_G8_T1_TurnTaking.csv",1.86062708320333,11,49,0.716830347333234,3,43
"763",9.1087917,0.212363738334289,-0.685691086919412,0.951846884337376,-0.0583010127650632,"Study2","G8","T1","TurnTaking","Study2_G8_T1_TurnTaking.csv",1.86062708320333,11,49,0.716830347333234,3,43
"764",9.1104583,0.212363738334289,-0.685691086919412,0.936650089899326,-0.279743386099552,"Study2","G8","T1","TurnTaking","Study2_G8_T1_TurnTaking.csv",1.86062708320333,11,49,0.716830347333234,3,43
"765",9.112125,0.212363738334289,-0.685691086919412,0.879895208640918,-0.459534418871679,"Study2","G8","T1","TurnTaking","Study2_G8_T1_TurnTaking.csv",1.86062708320333,11,49,0.716830347333234,3,43
"766",9.1137917,0.212363738334289,-0.685691086919412,0.796091561499624,-0.602699159703773,"Study2","G8","T1","TurnTaking","Study2_G8_T1_TurnTaking.csv",1.86062708320333,11,49,0.716830347333234,3,43
"767",9.1154583,0.212363738334289,-0.517620707654369,0.738956530699582,-0.732281504385964,"Study2","G8","T1","TurnTaking","Study2_G8_T1_TurnTaking.csv",1.86062708320333,11,49,0.716830347333234,3,43
"768",9.117125,0.285030057403488,-0.320320697212797,0.671110649315756,-0.862847317775106,"Study2","G8","T1","TurnTaking","Study2_G8_T1_TurnTaking.csv",1.86062708320333,11,49,0.716830347333234,3,43
"769",9.1187917,0.304346420700364,-0.320320697212797,0.580095252779834,-0.994305728161548,"Study2","G8","T1","TurnTaking","Study2_G8_T1_TurnTaking.csv",1.86062708320333,11,49,0.716830347333234,3,43
"770",9.1204583,0.304346420700364,-0.320320697212797,0.490219296514596,-1.135342187932,"Study2","G8","T1","TurnTaking","Study2_G8_T1_TurnTaking.csv",1.86062708320333,11,49,0.716830347333234,3,43
"771",9.122125,0.304346420700364,-0.320320697212797,0.420291163662663,-1.26254360822791,"Study2","G8","T1","TurnTaking","Study2_G8_T1_TurnTaking.csv",1.86062708320333,11,49,0.716830347333234,3,43
"772",9.1237917,0.304346420700364,-0.320320697212797,0.409396680571146,-1.34980527159157,"Study2","G8","T1","TurnTaking","Study2_G8_T1_TurnTaking.csv",1.86062708320333,11,49,0.716830347333234,3,43
"773",9.1254583,0.304346420700364,-0.320320697212797,0.528544711739079,-1.39799409698617,"Study2","G8","T1","TurnTaking","Study2_G8_T1_TurnTaking.csv",1.86062708320333,11,49,0.716830347333234,3,43
"774",9.127125,0.304346420700364,-0.182421445529053,0.724528550336008,-1.41139931470061,"Study2","G8","T1","TurnTaking","Study2_G8_T1_TurnTaking.csv",1.86062708320333,11,49,0.716830347333234,3,43
"775",9.1287917,0.304346420700364,-0.147946632608117,0.896981098693915,-1.40323954873472,"Study2","G8","T1","TurnTaking","Study2_G8_T1_TurnTaking.csv",1.86062708320333,11,49,0.716830347333234,3,43
"776",9.1304583,0.304346420700364,-0.147946632608117,0.982066924247963,-1.39113292626823,"Study2","G8","T1","TurnTaking","Study2_G8_T1_TurnTaking.csv",1.86062708320333,11,49,0.716830347333234,3,43
"777",9.132125,0.304346420700364,-0.147946632608117,0.993220890492567,-1.36193343507559,"Study2","G8","T1","TurnTaking","Study2_G8_T1_TurnTaking.csv",1.86062708320333,11,49,0.716830347333234,3,43
"778",9.1337917,0.255718458603122,-0.147946632608117,0.942052851819965,-1.26755396330849,"Study2","G8","T1","TurnTaking","Study2_G8_T1_TurnTaking.csv",1.86062708320333,11,49,0.716830347333234,3,43
"779",9.1354583,0.242792038298792,-0.147946632608117,0.864460442606513,-1.07512448745201,"Study2","G8","T1","TurnTaking","Study2_G8_T1_TurnTaking.csv",1.86062708320333,11,49,0.716830347333234,3,43
"780",9.137125,0.242792038298792,-0.147946632608117,0.84179555272277,-0.799677784616815,"Study2","G8","T1","TurnTaking","Study2_G8_T1_TurnTaking.csv",1.86062708320333,11,49,0.716830347333234,3,43
"781",9.1387917,0.242792038298792,-0.261150366991159,0.870020731864476,-0.4399523500487,"Study2","G8","T1","TurnTaking","Study2_G8_T1_TurnTaking.csv",1.86062708320333,11,49,0.716830347333234,3,43
"782",9.1404583,0.242792038298792,-0.40522784711503,0.886563118991898,-0.0359602671426925,"Study2","G8","T1","TurnTaking","Study2_G8_T1_TurnTaking.csv",1.86062708320333,11,49,0.716830347333234,3,43
"783",9.142125,0.242792038298792,-0.40522784711503,0.883252692081585,0.318812017298643,"Study2","G8","T1","TurnTaking","Study2_G8_T1_TurnTaking.csv",1.86062708320333,11,49,0.716830347333234,3,43
"784",9.1437917,0.242792038298792,-0.40522784711503,0.869973339216049,0.549560680822659,"Study2","G8","T1","TurnTaking","Study2_G8_T1_TurnTaking.csv",1.86062708320333,11,49,0.716830347333234,3,43
"785",9.1454583,0.242792038298792,-0.40522784711503,0.851396317347662,0.641450096558453,"Study2","G8","T1","TurnTaking","Study2_G8_T1_TurnTaking.csv",1.86062708320333,11,49,0.716830347333234,3,43
"786",9.147125,0.242792038298792,-0.40522784711503,0.829377110283974,0.632199014142293,"Study2","G8","T1","TurnTaking","Study2_G8_T1_TurnTaking.csv",1.86062708320333,11,49,0.716830347333234,3,43
"787",9.1487917,0.242792038298792,-0.40522784711503,0.80395201877697,0.568433179969344,"Study2","G8","T1","TurnTaking","Study2_G8_T1_TurnTaking.csv",1.86062708320333,11,49,0.716830347333234,3,43
"788",9.1504583,0.230743328661743,-0.375198475829075,0.76486115065875,0.480723006942981,"Study2","G8","T1","TurnTaking","Study2_G8_T1_TurnTaking.csv",1.86062708320333,11,49,0.716830347333234,3,43
"789",9.152125,0.227540507112654,-0.326203185836201,0.726436132445021,0.364223335335487,"Study2","G8","T1","TurnTaking","Study2_G8_T1_TurnTaking.csv",1.86062708320333,11,49,0.716830347333234,3,43
"790",9.1537917,0.227540507112654,-0.326203185836201,0.684458682307735,0.229386551592794,"Study2","G8","T1","TurnTaking","Study2_G8_T1_TurnTaking.csv",1.86062708320333,11,49,0.716830347333234,3,43
"791",9.1554583,0.227540507112654,-0.326203185836201,0.652277953632453,0.062782758556549,"Study2","G8","T1","TurnTaking","Study2_G8_T1_TurnTaking.csv",1.86062708320333,11,49,0.716830347333234,3,43
"792",9.157125,0.227540507112654,-0.326203185836201,0.629047264990898,-0.150147631777317,"Study2","G8","T1","TurnTaking","Study2_G8_T1_TurnTaking.csv",1.86062708320333,11,49,0.716830347333234,3,43
"793",9.1587917,0.227540507112654,-0.326203185836201,0.602887979571035,-0.359982677753277,"Study2","G8","T1","TurnTaking","Study2_G8_T1_TurnTaking.csv",1.86062708320333,11,49,0.716830347333234,3,43
"794",9.1604583,0.227540507112654,-0.326203185836201,0.532702380274457,-0.56637358607448,"Study2","G8","T1","TurnTaking","Study2_G8_T1_TurnTaking.csv",1.86062708320333,11,49,0.716830347333234,3,43
"795",9.162125,0.227540507112654,-0.326203185836201,0.407560803651242,-0.763700433661392,"Study2","G8","T1","TurnTaking","Study2_G8_T1_TurnTaking.csv",1.86062708320333,11,49,0.716830347333234,3,43
"796",9.1637917,0.227540507112654,-0.413967281776327,0.29227981092408,-0.901854676757163,"Study2","G8","T1","TurnTaking","Study2_G8_T1_TurnTaking.csv",1.86062708320333,11,49,0.716830347333234,3,43
"797",9.1654583,0.227540507112654,-0.437296978165474,0.273375522091026,-0.980200641361478,"Study2","G8","T1","TurnTaking","Study2_G8_T1_TurnTaking.csv",1.86062708320333,11,49,0.716830347333234,3,43
"798",9.167125,0.19151250280579,-0.437296978165474,0.42055736917723,-1.03441866916839,"Study2","G8","T1","TurnTaking","Study2_G8_T1_TurnTaking.csv",1.86062708320333,11,49,0.716830347333234,3,43
"799",9.1687917,0.181935438369789,-0.437296978165474,0.672331430160335,-1.08780187555478,"Study2","G8","T1","TurnTaking","Study2_G8_T1_TurnTaking.csv",1.86062708320333,11,49,0.716830347333234,3,43
"800",9.1704583,0.181935438369789,-0.437296978165474,0.892409668809506,-1.12746274050529,"Study2","G8","T1","TurnTaking","Study2_G8_T1_TurnTaking.csv",1.86062708320333,11,49,0.716830347333234,3,43
"801",9.172125,0.181935438369789,-0.437296978165474,1.05361032852393,-1.14479798134242,"Study2","G8","T1","TurnTaking","Study2_G8_T1_TurnTaking.csv",1.86062708320333,11,49,0.716830347333234,3,43
"802",9.1737917,0.181935438369789,-0.437296978165474,1.11477989660493,-1.15038851733846,"Study2","G8","T1","TurnTaking","Study2_G8_T1_TurnTaking.csv",1.86062708320333,11,49,0.716830347333234,3,43
"803",9.1754583,0.181935438369789,-0.437296978165474,1.09707005936733,-1.15254062190954,"Study2","G8","T1","TurnTaking","Study2_G8_T1_TurnTaking.csv",1.86062708320333,11,49,0.716830347333234,3,43
"804",9.177125,0.181935438369789,-0.515148223378218,1.06481101518082,-1.14657390271359,"Study2","G8","T1","TurnTaking","Study2_G8_T1_TurnTaking.csv",1.86062708320333,11,49,0.716830347333234,3,43
"805",9.1787917,0.181935438369789,-0.522847797080577,1.03567596441293,-1.14404404572939,"Study2","G8","T1","TurnTaking","Study2_G8_T1_TurnTaking.csv",1.86062708320333,11,49,0.716830347333234,3,43
"806",9.1804583,0.181935438369789,-0.522847797080577,0.995507613788993,-1.16179512806358,"Study2","G8","T1","TurnTaking","Study2_G8_T1_TurnTaking.csv",1.86062708320333,11,49,0.716830347333234,3,43
"807",9.182125,0.181935438369789,-0.522847797080577,0.973802901203162,-1.20931689519393,"Study2","G8","T1","TurnTaking","Study2_G8_T1_TurnTaking.csv",1.86062708320333,11,49,0.716830347333234,3,43
"808",9.1837917,0.199900221938102,-0.522847797080577,0.980989441742243,-1.25710571387917,"Study2","G8","T1","TurnTaking","Study2_G8_T1_TurnTaking.csv",1.86062708320333,11,49,0.716830347333234,3,43
"809",9.1854583,0.204675670734742,-0.522847797080577,0.98968963400767,-1.28362156519436,"Study2","G8","T1","TurnTaking","Study2_G8_T1_TurnTaking.csv",1.86062708320333,11,49,0.716830347333234,3,43
"810",9.187125,0.204675670734742,-0.522847797080577,0.982111291833724,-1.27995688175763,"Study2","G8","T1","TurnTaking","Study2_G8_T1_TurnTaking.csv",1.86062708320333,11,49,0.716830347333234,3,43
"811",9.1887917,0.204675670734742,-0.522847797080577,0.971812522008601,-1.25830758853192,"Study2","G8","T1","TurnTaking","Study2_G8_T1_TurnTaking.csv",1.86062708320333,11,49,0.716830347333234,3,43
"812",9.1904583,0.204675670734742,-0.56204410860155,0.963357247779724,-1.23177604508476,"Study2","G8","T1","TurnTaking","Study2_G8_T1_TurnTaking.csv",1.86062708320333,11,49,0.716830347333234,3,43
"813",9.192125,0.204675670734742,-0.7094968995614,0.941991006094358,-1.2011759597864,"Study2","G8","T1","TurnTaking","Study2_G8_T1_TurnTaking.csv",1.86062708320333,11,49,0.716830347333234,3,43
"814",9.1937917,0.204675670734742,-0.7094968995614,0.885684170228524,-1.17812307668432,"Study2","G8","T1","TurnTaking","Study2_G8_T1_TurnTaking.csv",1.86062708320333,11,49,0.716830347333234,3,43
"815",9.1954583,0.204675670734742,-0.7094968995614,0.849210765591494,-1.16712003906218,"Study2","G8","T1","TurnTaking","Study2_G8_T1_TurnTaking.csv",1.86062708320333,11,49,0.716830347333234,3,43
"816",9.197125,0.204675670734742,-0.7094968995614,0.822463721699654,-1.13572507595193,"Study2","G8","T1","TurnTaking","Study2_G8_T1_TurnTaking.csv",1.86062708320333,11,49,0.716830347333234,3,43
"817",9.1987917,0.204675670734742,-0.7094968995614,0.793670503012977,-1.04493724788006,"Study2","G8","T1","TurnTaking","Study2_G8_T1_TurnTaking.csv",1.86062708320333,11,49,0.716830347333234,3,43
"818",9.2004583,0.198680847067288,-0.7094968995614,0.795417868840074,-0.872956617153989,"Study2","G8","T1","TurnTaking","Study2_G8_T1_TurnTaking.csv",1.86062708320333,11,49,0.716830347333234,3,43
"819",9.202125,0.19708728634556,-0.7094968995614,0.819937570295219,-0.62363032390848,"Study2","G8","T1","TurnTaking","Study2_G8_T1_TurnTaking.csv",1.86062708320333,11,49,0.716830347333234,3,43
"820",9.2037917,0.19708728634556,-0.7094968995614,0.836512000679024,-0.29618217823426,"Study2","G8","T1","TurnTaking","Study2_G8_T1_TurnTaking.csv",1.86062708320333,11,49,0.716830347333234,3,43
"821",9.2054583,0.19708728634556,-0.641317961741076,0.861592683199589,0.0846938250745764,"Study2","G8","T1","TurnTaking","Study2_G8_T1_TurnTaking.csv",1.86062708320333,11,49,0.716830347333234,3,43
"822",9.207125,0.19708728634556,-0.62532537138816,0.882076278822767,0.46384512042475,"Study2","G8","T1","TurnTaking","Study2_G8_T1_TurnTaking.csv",1.86062708320333,11,49,0.716830347333234,3,43
"823",9.2087917,0.19708728634556,-0.62532537138816,0.843891360953194,0.802029822789203,"Study2","G8","T1","TurnTaking","Study2_G8_T1_TurnTaking.csv",1.86062708320333,11,49,0.716830347333234,3,43
"824",9.2104583,0.19708728634556,-0.62532537138816,0.766611205430439,1.08568294001894,"Study2","G8","T1","TurnTaking","Study2_G8_T1_TurnTaking.csv",1.86062708320333,11,49,0.716830347333234,3,43
"825",9.212125,0.19708728634556,-0.62532537138816,0.690312514683613,1.32729369728891,"Study2","G8","T1","TurnTaking","Study2_G8_T1_TurnTaking.csv",1.86062708320333,11,49,0.716830347333234,3,43
"826",9.2137917,0.19708728634556,-0.62532537138816,0.629690931102508,1.53293552029242,"Study2","G8","T1","TurnTaking","Study2_G8_T1_TurnTaking.csv",1.86062708320333,11,49,0.716830347333234,3,43
"827",9.2154583,0.19708728634556,-0.62532537138816,0.549258436203553,1.7112898670553,"Study2","G8","T1","TurnTaking","Study2_G8_T1_TurnTaking.csv",1.86062708320333,11,49,0.716830347333234,3,43
"828",9.217125,0.143606371755617,-0.62532537138816,0.464175523672813,1.8658706338917,"Study2","G8","T1","TurnTaking","Study2_G8_T1_TurnTaking.csv",1.86062708320333,11,49,0.716830347333234,3,43
"829",9.2187917,0.129389926105127,-0.62532537138816,0.467159916051397,1.98772474623703,"Study2","G8","T1","TurnTaking","Study2_G8_T1_TurnTaking.csv",1.86062708320333,11,49,0.716830347333234,3,43
"830",9.2204583,0.129389926105127,-0.62532537138816,0.585005937840214,2.04783673880988,"Study2","G8","T1","TurnTaking","Study2_G8_T1_TurnTaking.csv",1.86062708320333,11,49,0.716830347333234,3,43
"831",9.222125,0.129389926105127,-0.62532537138816,0.741196645623087,2.03585736526804,"Study2","G8","T1","TurnTaking","Study2_G8_T1_TurnTaking.csv",1.86062708320333,11,49,0.716830347333234,3,43
"832",9.2237917,0.129389926105127,-0.62532537138816,0.877043694940902,1.96179093036199,"Study2","G8","T1","TurnTaking","Study2_G8_T1_TurnTaking.csv",1.86062708320333,11,49,0.716830347333234,3,43
"833",9.2254583,0.129389926105127,-0.62532537138816,0.96001018399935,1.84519125707716,"Study2","G8","T1","TurnTaking","Study2_G8_T1_TurnTaking.csv",1.86062708320333,11,49,0.716830347333234,3,43
"834",9.227125,0.129389926105127,-0.62532537138816,1.01056245436048,1.68993173420541,"Study2","G8","T1","TurnTaking","Study2_G8_T1_TurnTaking.csv",1.86062708320333,11,49,0.716830347333234,3,43
"835",9.2287917,0.129389926105127,-0.62532537138816,1.04765364401743,1.51669230918428,"Study2","G8","T1","TurnTaking","Study2_G8_T1_TurnTaking.csv",1.86062708320333,11,49,0.716830347333234,3,43
"836",9.2304583,0.129389926105127,-0.62532537138816,1.07101631502268,1.35294904914945,"Study2","G8","T1","TurnTaking","Study2_G8_T1_TurnTaking.csv",1.86062708320333,11,49,0.716830347333234,3,43
"837",9.232125,0.129389926105127,-0.62532537138816,1.0725007244766,1.20592190401787,"Study2","G8","T1","TurnTaking","Study2_G8_T1_TurnTaking.csv",1.86062708320333,11,49,0.716830347333234,3,43
"838",9.2337917,0.0763716662152999,-0.62532537138816,1.04771470546753,1.0704321849297,"Study2","G8","T1","TurnTaking","Study2_G8_T1_TurnTaking.csv",1.86062708320333,11,49,0.716830347333234,3,43
"839",9.2354583,0.0622782047255989,-0.795524480883563,0.985886345961591,0.936244056860133,"Study2","G8","T1","TurnTaking","Study2_G8_T1_TurnTaking.csv",1.86062708320333,11,49,0.716830347333234,3,43
"840",9.237125,0.0622782047255989,-1.62649660371406,0.914610603711843,0.803936416822913,"Study2","G8","T1","TurnTaking","Study2_G8_T1_TurnTaking.csv",1.86062708320333,11,49,0.716830347333234,3,43
"841",9.2387917,0.0622782047255989,-1.62649660371406,0.868164463781419,0.673710124107188,"Study2","G8","T1","TurnTaking","Study2_G8_T1_TurnTaking.csv",1.86062708320333,11,49,0.716830347333234,3,43
"842",9.2404583,0.0622782047255989,-1.62649660371406,0.827123774716226,0.545242919384705,"Study2","G8","T1","TurnTaking","Study2_G8_T1_TurnTaking.csv",1.86062708320333,11,49,0.716830347333234,3,43
"843",9.242125,0.0622782047255989,-1.62649660371406,0.807436106692157,0.422716755824049,"Study2","G8","T1","TurnTaking","Study2_G8_T1_TurnTaking.csv",1.86062708320333,11,49,0.716830347333234,3,43
"844",9.2437917,0.0622782047255989,-1.62649660371406,0.817121236953609,0.305302946201741,"Study2","G8","T1","TurnTaking","Study2_G8_T1_TurnTaking.csv",1.86062708320333,11,49,0.716830347333234,3,43
"845",9.2454583,0.0622782047255989,0.0878903138235612,0.807138866275429,0.170483851771445,"Study2","G8","T1","TurnTaking","Study2_G8_T1_TurnTaking.csv",1.86062708320333,11,49,0.716830347333234,3,43
"846",9.247125,0.0622782047255989,0.439029802957773,0.784308718338663,0.0209970362822718,"Study2","G8","T1","TurnTaking","Study2_G8_T1_TurnTaking.csv",1.86062708320333,11,49,0.716830347333234,3,43
"847",9.2487917,0.0622782047255989,0.439029802957773,0.758376760776147,-0.0843533755643147,"Study2","G8","T1","TurnTaking","Study2_G8_T1_TurnTaking.csv",1.86062708320333,11,49,0.716830347333234,3,43
"848",9.2504583,0.00426918030473923,0.439029802957773,0.764197205423345,-0.0864743811829595,"Study2","G8","T1","TurnTaking","Study2_G8_T1_TurnTaking.csv",1.86062708320333,11,49,0.716830347333234,3,43
"849",9.252125,-0.0111509401109315,0.439029802957773,0.793937380763692,0.0127772122476822,"Study2","G8","T1","TurnTaking","Study2_G8_T1_TurnTaking.csv",1.86062708320333,11,49,0.716830347333234,3,43
"850",9.2537917,-0.0111509401109315,0.405007546512681,0.798354084294725,0.165629419420299,"Study2","G8","T1","TurnTaking","Study2_G8_T1_TurnTaking.csv",1.86062708320333,11,49,0.716830347333234,3,43
"851",9.2554583,-0.0111509401109315,0.37483686626892,0.723139934533171,0.35766231230531,"Study2","G8","T1","TurnTaking","Study2_G8_T1_TurnTaking.csv",1.86062708320333,11,49,0.716830347333234,3,43
"852",9.257125,-0.0111509401109315,0.37483686626892,0.570323740173377,0.547245378079143,"Study2","G8","T1","TurnTaking","Study2_G8_T1_TurnTaking.csv",1.86062708320333,11,49,0.716830347333234,3,43
"853",9.2587917,-0.0111509401109315,0.37483686626892,0.415254210245837,0.676900905158588,"Study2","G8","T1","TurnTaking","Study2_G8_T1_TurnTaking.csv",1.86062708320333,11,49,0.716830347333234,3,43
"854",9.2604583,-0.0111509401109315,0.37483686626892,0.316692962949784,0.740227359636527,"Study2","G8","T1","TurnTaking","Study2_G8_T1_TurnTaking.csv",1.86062708320333,11,49,0.716830347333234,3,43
"855",9.262125,-0.0111509401109315,0.37483686626892,0.282542022164376,0.753808757196212,"Study2","G8","T1","TurnTaking","Study2_G8_T1_TurnTaking.csv",1.86062708320333,11,49,0.716830347333234,3,43
"856",9.2637917,-0.0111509401109315,0.37483686626892,0.304742957066712,0.737311048238762,"Study2","G8","T1","TurnTaking","Study2_G8_T1_TurnTaking.csv",1.86062708320333,11,49,0.716830347333234,3,43
"857",9.2654583,-0.0111509401109315,0.37483686626892,0.363603954176477,0.725546228937606,"Study2","G8","T1","TurnTaking","Study2_G8_T1_TurnTaking.csv",1.86062708320333,11,49,0.716830347333234,3,43
"858",9.267125,-0.212228547754728,0.168918450822139,0.443500340747485,0.732306256732245,"Study2","G8","T1","TurnTaking","Study2_G8_T1_TurnTaking.csv",1.86062708320333,11,49,0.716830347333234,3,43
"859",9.2687917,-0.265679557381561,-0.60572701681099,0.49829150817853,0.72655009741611,"Study2","G8","T1","TurnTaking","Study2_G8_T1_TurnTaking.csv",1.86062708320333,11,49,0.716830347333234,3,43
"860",9.2704583,-0.265679557381561,-0.60572701681099,0.513970295934622,0.686443433262055,"Study2","G8","T1","TurnTaking","Study2_G8_T1_TurnTaking.csv",1.86062708320333,11,49,0.716830347333234,3,43
"861",9.272125,-0.265679557381561,-0.60572701681099,0.513501747339539,0.605216250573281,"Study2","G8","T1","TurnTaking","Study2_G8_T1_TurnTaking.csv",1.86062708320333,11,49,0.716830347333234,3,43
"862",9.2737917,-0.265679557381561,-0.60572701681099,0.508679461332607,0.514763663502471,"Study2","G8","T1","TurnTaking","Study2_G8_T1_TurnTaking.csv",1.86062708320333,11,49,0.716830347333234,3,43
"863",9.2754583,-0.265679557381561,-0.60572701681099,0.503213173095992,0.444415122626083,"Study2","G8","T1","TurnTaking","Study2_G8_T1_TurnTaking.csv",1.86062708320333,11,49,0.716830347333234,3,43
"864",9.277125,-0.265679557381561,-0.60572701681099,0.503169029588947,0.417973594954106,"Study2","G8","T1","TurnTaking","Study2_G8_T1_TurnTaking.csv",1.86062708320333,11,49,0.716830347333234,3,43
"865",9.2787917,-0.265679557381561,-0.60572701681099,0.503329806067652,0.451441631352631,"Study2","G8","T1","TurnTaking","Study2_G8_T1_TurnTaking.csv",1.86062708320333,11,49,0.716830347333234,3,43
"866",9.2804583,-0.265679557381561,-0.60572701681099,0.492506355929096,0.569551886322681,"Study2","G8","T1","TurnTaking","Study2_G8_T1_TurnTaking.csv",1.86062708320333,11,49,0.716830347333234,3,43
"867",9.282125,-0.265679557381561,-0.60572701681099,0.443544372215172,0.720945438501307,"Study2","G8","T1","TurnTaking","Study2_G8_T1_TurnTaking.csv",1.86062708320333,11,49,0.716830347333234,3,43
"868",9.2837917,-0.582863807320292,-0.772324835457518,0.376367589877219,0.802098582858358,"Study2","G8","T1","TurnTaking","Study2_G8_T1_TurnTaking.csv",1.86062708320333,11,49,0.716830347333234,3,43
"869",9.2854583,-0.667178607936915,-0.827857441673027,0.304516861642303,0.723622373558736,"Study2","G8","T1","TurnTaking","Study2_G8_T1_TurnTaking.csv",1.86062708320333,11,49,0.716830347333234,3,43
"870",9.287125,-0.667178607936915,-0.827857441673027,0.236106638012319,0.539918579009089,"Study2","G8","T1","TurnTaking","Study2_G8_T1_TurnTaking.csv",1.86062708320333,11,49,0.716830347333234,3,43
"871",9.2887917,-0.667178607936915,-0.827857441673027,0.173840204616671,0.418458481831814,"Study2","G8","T1","TurnTaking","Study2_G8_T1_TurnTaking.csv",1.86062708320333,11,49,0.716830347333234,3,43
"872",9.2904583,-0.667178607936915,-0.827857441673027,0.150275638688328,0.440592519279487,"Study2","G8","T1","TurnTaking","Study2_G8_T1_TurnTaking.csv",1.86062708320333,11,49,0.716830347333234,3,43
"873",9.292125,-0.667178607936915,-0.827857441673027,0.223620299722585,0.567697361635947,"Study2","G8","T1","TurnTaking","Study2_G8_T1_TurnTaking.csv",1.86062708320333,11,49,0.716830347333234,3,43
"874",9.2937917,-0.667178607936915,-0.827857441673027,0.400979499723984,0.758708126107076,"Study2","G8","T1","TurnTaking","Study2_G8_T1_TurnTaking.csv",1.86062708320333,11,49,0.716830347333234,3,43
"875",9.2954583,-0.667178607936915,-0.827857441673027,0.639294944868781,0.919809687053524,"Study2","G8","T1","TurnTaking","Study2_G8_T1_TurnTaking.csv",1.86062708320333,11,49,0.716830347333234,3,43
"876",9.297125,-0.667178607936915,-0.810396366443609,0.902981254471317,1.00350666865779,"Study2","G8","T1","TurnTaking","Study2_G8_T1_TurnTaking.csv",1.86062708320333,11,49,0.716830347333234,3,43
"877",9.2987917,-0.667178607936915,-0.711450273476902,1.13290002197146,1.00629187942578,"Study2","G8","T1","TurnTaking","Study2_G8_T1_TurnTaking.csv",1.86062708320333,11,49,0.716830347333234,3,43
"878",9.3004583,-0.737364310316133,-0.711450273476902,1.26376568939401,0.958230017644357,"Study2","G8","T1","TurnTaking","Study2_G8_T1_TurnTaking.csv",1.86062708320333,11,49,0.716830347333234,3,43
"879",9.302125,-0.756021269176432,-0.711450273476902,1.25000333485621,0.906083065945292,"Study2","G8","T1","TurnTaking","Study2_G8_T1_TurnTaking.csv",1.86062708320333,11,49,0.716830347333234,3,43
"880",9.3037917,-0.756021269176432,-0.711450273476902,1.08866352225917,0.863539699008611,"Study2","G8","T1","TurnTaking","Study2_G8_T1_TurnTaking.csv",1.86062708320333,11,49,0.716830347333234,3,43
"881",9.3054583,-0.756021269176432,-0.711450273476902,0.760675472283876,0.822782524656749,"Study2","G8","T1","TurnTaking","Study2_G8_T1_TurnTaking.csv",1.86062708320333,11,49,0.716830347333234,3,43
"882",9.307125,-0.756021269176432,-0.711450273476902,0.360742581012958,0.7851687696489,"Study2","G8","T1","TurnTaking","Study2_G8_T1_TurnTaking.csv",1.86062708320333,11,49,0.716830347333234,3,43
"883",9.3087917,-0.756021269176432,-0.711450273476902,-0.00315654806165391,0.767906140586046,"Study2","G8","T1","TurnTaking","Study2_G8_T1_TurnTaking.csv",1.86062708320333,11,49,0.716830347333234,3,43
"884",9.3104583,-0.756021269176432,-0.711450273476902,-0.243377446567662,0.770379220583679,"Study2","G8","T1","TurnTaking","Study2_G8_T1_TurnTaking.csv",1.86062708320333,11,49,0.716830347333234,3,43
"885",9.312125,-0.756021269176432,-0.696731004573538,-0.4321219740879,0.773823643549927,"Study2","G8","T1","TurnTaking","Study2_G8_T1_TurnTaking.csv",1.86062708320333,11,49,0.716830347333234,3,43
"886",9.3137917,-0.756021269176432,-0.683678067998856,-0.583686688819027,0.744433706937531,"Study2","G8","T1","TurnTaking","Study2_G8_T1_TurnTaking.csv",1.86062708320333,11,49,0.716830347333234,3,43
"887",9.3154583,-0.756021269176432,-0.683678067998856,-0.687144392176996,0.643474096270406,"Study2","G8","T1","TurnTaking","Study2_G8_T1_TurnTaking.csv",1.86062708320333,11,49,0.716830347333234,3,43
"888",9.317125,-0.660182840233366,-0.683678067998856,-0.7270792527789,0.467358303460151,"Study2","G8","T1","TurnTaking","Study2_G8_T1_TurnTaking.csv",1.86062708320333,11,49,0.716830347333234,3,43
"889",9.3187917,-0.634706802159892,-0.683678067998856,-0.712176337576838,0.249564636118942,"Study2","G8","T1","TurnTaking","Study2_G8_T1_TurnTaking.csv",1.86062708320333,11,49,0.716830347333234,3,43
"890",9.3204583,-0.634706802159892,-0.683678067998856,-0.684570063848629,0.100535745571648,"Study2","G8","T1","TurnTaking","Study2_G8_T1_TurnTaking.csv",1.86062708320333,11,49,0.716830347333234,3,43
"891",9.322125,-0.634706802159892,-0.683678067998856,-0.674878211225698,0.00872849954504963,"Study2","G8","T1","TurnTaking","Study2_G8_T1_TurnTaking.csv",1.86062708320333,11,49,0.716830347333234,3,43
"892",9.3237917,-0.634706802159892,-0.683678067998856,-0.689137124198075,0.0501560132432957,"Study2","G8","T1","TurnTaking","Study2_G8_T1_TurnTaking.csv",1.86062708320333,11,49,0.716830347333234,3,43
"893",9.3254583,-0.634706802159892,-0.683678067998856,-0.763033130912964,0.12075149121451,"Study2","G8","T1","TurnTaking","Study2_G8_T1_TurnTaking.csv",1.86062708320333,11,49,0.716830347333234,3,43
"894",9.327125,-0.634706802159892,-0.700197249190138,-0.898818894701963,0.724789868176909,"Study2","G8","T1","TurnTaking","Study2_G8_T1_TurnTaking.csv",1.86062708320333,11,49,0.716830347333234,3,43
"895",9.3287917,-0.634706802159892,-0.70163369972851,-0.978563467942904,0.940736999553112,"Study2","G8","T1","TurnTaking","Study2_G8_T1_TurnTaking.csv",1.86062708320333,11,49,0.716830347333234,3,43
"896",9.3304583,-0.634706802159892,-0.70163369972851,-0.904517888685109,0.929905148825128,"Study2","G8","T1","TurnTaking","Study2_G8_T1_TurnTaking.csv",1.86062708320333,11,49,0.716830347333234,3,43
"897",9.332125,-0.634706802159892,-0.70163369972851,-0.694375300301838,0.828899175040836,"Study2","G8","T1","TurnTaking","Study2_G8_T1_TurnTaking.csv",1.86062708320333,11,49,0.716830347333234,3,43
"898",9.3337917,-0.599161139987192,-0.70163369972851,-0.395348976207624,0.745024587033874,"Study2","G8","T1","TurnTaking","Study2_G8_T1_TurnTaking.csv",1.86062708320333,11,49,0.716830347333234,3,43
"899",9.3354583,-0.589712293080525,-0.70163369972851,-0.0252927242150758,0.733985314852466,"Study2","G8","T1","TurnTaking","Study2_G8_T1_TurnTaking.csv",1.86062708320333,11,49,0.716830347333234,3,43
"900",9.337125,-0.589712293080525,-0.70163369972851,0.342090828892797,0.830553553717148,"Study2","G8","T1","TurnTaking","Study2_G8_T1_TurnTaking.csv",1.86062708320333,11,49,0.716830347333234,3,43
"901",9.3387917,-0.589712293080525,-0.70163369972851,0.550946645249636,0.954598145029004,"Study2","G8","T1","TurnTaking","Study2_G8_T1_TurnTaking.csv",1.86062708320333,11,49,0.716830347333234,3,43
"902",9.3404583,-0.589712293080525,-0.70163369972851,0.537540351791506,1.03834220302917,"Study2","G8","T1","TurnTaking","Study2_G8_T1_TurnTaking.csv",1.86062708320333,11,49,0.716830347333234,3,43
"903",9.342125,-0.589712293080525,-0.70163369972851,0.363217978588227,0.989940249951347,"Study2","G8","T1","TurnTaking","Study2_G8_T1_TurnTaking.csv",1.86062708320333,11,49,0.716830347333234,3,43
"904",9.3437917,-0.589712293080525,-0.70163369972851,0.111802555590024,0.858977282967753,"Study2","G8","T1","TurnTaking","Study2_G8_T1_TurnTaking.csv",1.86062708320333,11,49,0.716830347333234,3,43
"905",9.3454583,-0.589712293080525,-0.70163369972851,-0.155956272635824,0.730218204590728,"Study2","G8","T1","TurnTaking","Study2_G8_T1_TurnTaking.csv",1.86062708320333,11,49,0.716830347333234,3,43
"906",9.347125,-0.589712293080525,-0.70163369972851,-0.413234491158543,0.659465377332632,"Study2","G8","T1","TurnTaking","Study2_G8_T1_TurnTaking.csv",1.86062708320333,11,49,0.716830347333234,3,43
"907",9.3487917,-0.589712293080525,-0.70163369972851,-0.608554944716856,0.643315891049053,"Study2","G8","T1","TurnTaking","Study2_G8_T1_TurnTaking.csv",1.86062708320333,11,49,0.716830347333234,3,43
"908",9.3504583,-0.506601790249145,-0.70163369972851,-0.715440268153589,0.65900873629246,"Study2","G8","T1","TurnTaking","Study2_G8_T1_TurnTaking.csv",1.86062708320333,11,49,0.716830347333234,3,43
"909",9.352125,-0.484509124939539,-0.70163369972851,-0.750274200865258,0.671451027727254,"Study2","G8","T1","TurnTaking","Study2_G8_T1_TurnTaking.csv",1.86062708320333,11,49,0.716830347333234,3,43
"910",9.3537917,-0.484509124939539,-0.70163369972851,-0.744648480622233,0.594423630175209,"Study2","G8","T1","TurnTaking","Study2_G8_T1_TurnTaking.csv",1.86062708320333,11,49,0.716830347333234,3,43
"911",9.3554583,-0.484509124939539,-0.70163369972851,-0.71873467343571,0.361384058040095,"Study2","G8","T1","TurnTaking","Study2_G8_T1_TurnTaking.csv",1.86062708320333,11,49,0.716830347333234,3,43
"912",9.357125,-0.484509124939539,-0.70163369972851,-0.712233813767483,0.0274927229811796,"Study2","G8","T1","TurnTaking","Study2_G8_T1_TurnTaking.csv",1.86062708320333,11,49,0.716830347333234,3,43
"913",9.3587917,-0.484509124939539,-0.70163369972851,-0.812344453345078,-0.30587734798502,"Study2","G8","T1","TurnTaking","Study2_G8_T1_TurnTaking.csv",1.86062708320333,11,49,0.716830347333234,3,43
"914",9.3604583,-0.484509124939539,-0.70163369972851,-0.975284860210258,-0.556486829658005,"Study2","G8","T1","TurnTaking","Study2_G8_T1_TurnTaking.csv",1.86062708320333,11,49,0.716830347333234,3,43
"915",9.362125,-0.484509124939539,-0.70163369972851,-1.07370807501728,-0.652291004351751,"Study2","G8","T1","TurnTaking","Study2_G8_T1_TurnTaking.csv",1.86062708320333,11,49,0.716830347333234,3,43
"916",9.3637917,-0.484509124939539,-1.5252703816125,-0.973975120115441,-0.610919269049853,"Study2","G8","T1","TurnTaking","Study2_G8_T1_TurnTaking.csv",1.86062708320333,11,49,0.716830347333234,3,43
"917",9.3654583,-0.484509124939539,-1.77914174088468,-0.673734849577485,-0.485672375118012,"Study2","G8","T1","TurnTaking","Study2_G8_T1_TurnTaking.csv",1.86062708320333,11,49,0.716830347333234,3,43
"918",9.367125,-0.43694428428086,-1.76611313450164,-0.237410902597654,-0.319015656800321,"Study2","G8","T1","TurnTaking","Study2_G8_T1_TurnTaking.csv",1.86062708320333,11,49,0.716830347333234,3,43
"919",9.3687917,-0.42430046587792,-1.76611313450164,0.246743094462402,-0.0767950462199091,"Study2","G8","T1","TurnTaking","Study2_G8_T1_TurnTaking.csv",1.86062708320333,11,49,0.716830347333234,3,43
"920",9.3704583,-0.42430046587792,-1.76611313450164,0.66422426221671,0.232594879300846,"Study2","G8","T1","TurnTaking","Study2_G8_T1_TurnTaking.csv",1.86062708320333,11,49,0.716830347333234,3,43
"921",9.372125,-0.42430046587792,-0.0714837242963361,0.982508135239698,0.488215714644624,"Study2","G8","T1","TurnTaking","Study2_G8_T1_TurnTaking.csv",1.86062708320333,11,49,0.716830347333234,3,43
"922",9.3737917,-0.42430046587792,1.05826921584053,1.18071752364359,0.629922085794219,"Study2","G8","T1","TurnTaking","Study2_G8_T1_TurnTaking.csv",1.86062708320333,11,49,0.716830347333234,3,43
"923",9.3754583,-0.42430046587792,1.05826921584053,1.21716852040903,0.666846528241582,"Study2","G8","T1","TurnTaking","Study2_G8_T1_TurnTaking.csv",1.86062708320333,11,49,0.716830347333234,3,43
"924",9.377125,-0.42430046587792,1.05826921584053,1.10495886260224,0.618367541061389,"Study2","G8","T1","TurnTaking","Study2_G8_T1_TurnTaking.csv",1.86062708320333,11,49,0.716830347333234,3,43
"925",9.3787917,-0.42430046587792,1.05826921584053,0.908913962555215,0.535472855367749,"Study2","G8","T1","TurnTaking","Study2_G8_T1_TurnTaking.csv",1.86062708320333,11,49,0.716830347333234,3,43
"926",9.3804583,-0.42430046587792,1.05826921584053,0.669100439154831,0.488454520361979,"Study2","G8","T1","TurnTaking","Study2_G8_T1_TurnTaking.csv",1.86062708320333,11,49,0.716830347333234,3,43
"927",9.382125,-0.42430046587792,0.8619894332104,0.38088165561034,0.483236601172231,"Study2","G8","T1","TurnTaking","Study2_G8_T1_TurnTaking.csv",1.86062708320333,11,49,0.716830347333234,3,43
"928",9.3837917,-0.354646324217984,0.240436788214982,0.0726295626224022,0.494747350591305,"Study2","G8","T1","TurnTaking","Study2_G8_T1_TurnTaking.csv",1.86062708320333,11,49,0.716830347333234,3,43
"929",9.3854583,-0.336130666308381,0.240436788214982,-0.193648553448347,0.506095900428162,"Study2","G8","T1","TurnTaking","Study2_G8_T1_TurnTaking.csv",1.86062708320333,11,49,0.716830347333234,3,43
"930",9.387125,-0.336130666308381,0.832168918850473,-0.387997513733593,0.500572269976595,"Study2","G8","T1","TurnTaking","Study2_G8_T1_TurnTaking.csv",1.86062708320333,11,49,0.716830347333234,3,43
"931",9.3887917,-0.336130666308381,2.03356445680738,-0.508981533860787,0.449129039068273,"Study2","G8","T1","TurnTaking","Study2_G8_T1_TurnTaking.csv",1.86062708320333,11,49,0.716830347333234,3,43
"932",9.3904583,-0.336130666308381,2.03356445680738,-0.559475095598334,0.340456888196253,"Study2","G8","T1","TurnTaking","Study2_G8_T1_TurnTaking.csv",1.86062708320333,11,49,0.716830347333234,3,43
"933",9.392125,-0.336130666308381,2.04559783657693,-0.558344170318858,0.205053903801126,"Study2","G8","T1","TurnTaking","Study2_G8_T1_TurnTaking.csv",1.86062708320333,11,49,0.716830347333234,3,43
"934",9.3937917,-0.336130666308381,2.06030530073971,-0.546250193860778,0.164180037049743,"Study2","G8","T1","TurnTaking","Study2_G8_T1_TurnTaking.csv",1.86062708320333,11,49,0.716830347333234,3,43
"935",9.3954583,-0.336130666308381,2.06030530073971,-0.570773256496663,0.240513842368949,"Study2","G8","T1","TurnTaking","Study2_G8_T1_TurnTaking.csv",1.86062708320333,11,49,0.716830347333234,3,43
"936",9.397125,-0.336130666308381,2.06030530073971,-0.625531036199029,0.354540861946044,"Study2","G8","T1","TurnTaking","Study2_G8_T1_TurnTaking.csv",1.86062708320333,11,49,0.716830347333234,3,43
"937",9.3987917,-0.336130666308381,2.06030530073971,-0.757787896329648,0.437222419956455,"Study2","G8","T1","TurnTaking","Study2_G8_T1_TurnTaking.csv",1.86062708320333,11,49,0.716830347333234,3,43
"938",9.4004583,-0.400498731926571,2.06030530073971,-0.871445102641568,0.46966533217045,"Study2","G8","T1","TurnTaking","Study2_G8_T1_TurnTaking.csv",1.86062708320333,11,49,0.716830347333234,3,43
"939",9.402125,-0.41760923038204,2.06030530073971,-0.829822929308445,0.485788997764159,"Study2","G8","T1","TurnTaking","Study2_G8_T1_TurnTaking.csv",1.86062708320333,11,49,0.716830347333234,3,43
"940",9.4037917,-0.41760923038204,2.03379806641051,-0.594635174881092,0.497094180254496,"Study2","G8","T1","TurnTaking","Study2_G8_T1_TurnTaking.csv",1.86062708320333,11,49,0.716830347333234,3,43
"941",9.4054583,-0.41760923038204,0.98676231040699,-0.220465061742136,0.49512681487336,"Study2","G8","T1","TurnTaking","Study2_G8_T1_TurnTaking.csv",1.86062708320333,11,49,0.716830347333234,3,43
"942",9.407125,-0.41760923038204,2.06030530073971,0.181058340254703,0.482885810694949,"Study2","G8","T1","TurnTaking","Study2_G8_T1_TurnTaking.csv",1.86062708320333,11,49,0.716830347333234,3,43
"943",9.4087917,-0.41760923038204,2.06030530073971,0.542946250814169,0.469098846206525,"Study2","G8","T1","TurnTaking","Study2_G8_T1_TurnTaking.csv",1.86062708320333,11,49,0.716830347333234,3,43
"944",9.4104583,-0.41760923038204,2.06030530073971,0.847197530367904,0.447750128635813,"Study2","G8","T1","TurnTaking","Study2_G8_T1_TurnTaking.csv",1.86062708320333,11,49,0.716830347333234,3,43
"945",9.412125,-0.41760923038204,2.06030530073971,1.08879965007912,0.40686627598227,"Study2","G8","T1","TurnTaking","Study2_G8_T1_TurnTaking.csv",1.86062708320333,11,49,0.716830347333234,3,43
"946",9.4137917,-0.41760923038204,2.06030530073971,1.23891905709227,0.365911523423397,"Study2","G8","T1","TurnTaking","Study2_G8_T1_TurnTaking.csv",1.86062708320333,11,49,0.716830347333234,3,43
"947",9.4154583,-0.41760923038204,2.06030530073971,1.24134616570425,0.350746361781238,"Study2","G8","T1","TurnTaking","Study2_G8_T1_TurnTaking.csv",1.86062708320333,11,49,0.716830347333234,3,43
"948",9.417125,-0.480894487127621,2.06030530073971,1.11469665136195,0.347415064820883,"Study2","G8","T1","TurnTaking","Study2_G8_T1_TurnTaking.csv",1.86062708320333,11,49,0.716830347333234,3,43
"949",9.4187917,-0.497717150313154,-0.309958918414045,0.890539395806702,0.31098891889127,"Study2","G8","T1","TurnTaking","Study2_G8_T1_TurnTaking.csv",1.86062708320333,11,49,0.716830347333234,3,43
"950",9.4204583,-0.497717150313154,-0.383266059212614,0.618954199427031,0.185772838600378,"Study2","G8","T1","TurnTaking","Study2_G8_T1_TurnTaking.csv",1.86062708320333,11,49,0.716830347333234,3,43
"951",9.422125,-0.497717150313154,-0.383266059212614,0.357791576363053,-0.00407884794154226,"Study2","G8","T1","TurnTaking","Study2_G8_T1_TurnTaking.csv",1.86062708320333,11,49,0.716830347333234,3,43
"952",9.4237917,-0.497717150313154,-0.383266059212614,0.171710000303347,-0.113158994244643,"Study2","G8","T1","TurnTaking","Study2_G8_T1_TurnTaking.csv",1.86062708320333,11,49,0.716830347333234,3,43
"953",9.4254583,-0.497717150313154,-0.383266059212614,0.136621626209699,-0.0995420754044189,"Study2","G8","T1","TurnTaking","Study2_G8_T1_TurnTaking.csv",1.86062708320333,11,49,0.716830347333234,3,43
"954",9.427125,-0.497717150313154,-0.383266059212614,0.163134059685923,0.0283159892863437,"Study2","G8","T1","TurnTaking","Study2_G8_T1_TurnTaking.csv",1.86062708320333,11,49,0.716830347333234,3,43
"955",9.4287917,-0.497717150313154,-0.383266059212614,0.138297959083835,0.228794672906236,"Study2","G8","T1","TurnTaking","Study2_G8_T1_TurnTaking.csv",1.86062708320333,11,49,0.716830347333234,3,43
"956",9.4304583,-0.497717150313154,-0.383266059212614,0.0649225992654917,0.39726668558075,"Study2","G8","T1","TurnTaking","Study2_G8_T1_TurnTaking.csv",1.86062708320333,11,49,0.716830347333234,3,43
"957",9.432125,-0.497717150313154,-0.383266059212614,-0.0627865833246115,0.507650134771391,"Study2","G8","T1","TurnTaking","Study2_G8_T1_TurnTaking.csv",1.86062708320333,11,49,0.716830347333234,3,43
"958",9.4337917,-0.570393313099377,-0.383266059212614,-0.246047568547104,0.557258955453041,"Study2","G8","T1","TurnTaking","Study2_G8_T1_TurnTaking.csv",1.86062708320333,11,49,0.716830347333234,3,43
"959",9.4354583,-0.589712293080525,-0.383266059212614,-0.457362200654231,0.52504686023467,"Study2","G8","T1","TurnTaking","Study2_G8_T1_TurnTaking.csv",1.86062708320333,11,49,0.716830347333234,3,43
"960",9.437125,-0.589712293080525,-0.383266059212614,-0.639099226529444,0.464872384445456,"Study2","G8","T1","TurnTaking","Study2_G8_T1_TurnTaking.csv",1.86062708320333,11,49,0.716830347333234,3,43
"961",9.4387917,-0.589712293080525,-0.383266059212614,-0.767450618719504,0.422560119815892,"Study2","G8","T1","TurnTaking","Study2_G8_T1_TurnTaking.csv",1.86062708320333,11,49,0.716830347333234,3,43
"962",9.4404583,-0.589712293080525,-0.383266059212614,-0.842500966939688,0.405291927178978,"Study2","G8","T1","TurnTaking","Study2_G8_T1_TurnTaking.csv",1.86062708320333,11,49,0.716830347333234,3,43
"963",9.442125,-0.589712293080525,-0.383266059212614,-0.857142494319577,0.421027283834433,"Study2","G8","T1","TurnTaking","Study2_G8_T1_TurnTaking.csv",1.86062708320333,11,49,0.716830347333234,3,43
"964",9.4437917,-0.589712293080525,-0.383266059212614,-0.82501868163815,0.450122351021637,"Study2","G8","T1","TurnTaking","Study2_G8_T1_TurnTaking.csv",1.86062708320333,11,49,0.716830347333234,3,43
"965",9.4454583,-0.589712293080525,-0.383266059212614,-0.826198344038349,0.45692332101513,"Study2","G8","T1","TurnTaking","Study2_G8_T1_TurnTaking.csv",1.86062708320333,11,49,0.716830347333234,3,43
"966",9.447125,-0.589712293080525,-0.383266059212614,-0.825935163586447,0.423966848118653,"Study2","G8","T1","TurnTaking","Study2_G8_T1_TurnTaking.csv",1.86062708320333,11,49,0.716830347333234,3,43
"967",9.4487917,-0.589712293080525,-0.383266059212614,-0.690064810082172,0.372551292424888,"Study2","G8","T1","TurnTaking","Study2_G8_T1_TurnTaking.csv",1.86062708320333,11,49,0.716830347333234,3,43
"968",9.4504583,-0.650910681817074,-0.383266059212614,-0.39182701898944,0.325747511659797,"Study2","G8","T1","TurnTaking","Study2_G8_T1_TurnTaking.csv",1.86062708320333,11,49,0.716830347333234,3,43
"969",9.452125,-0.667178607936915,-0.383266059212614,0.00716933528810139,0.253752866140315,"Study2","G8","T1","TurnTaking","Study2_G8_T1_TurnTaking.csv",1.86062708320333,11,49,0.716830347333234,3,43
"970",9.4537917,-0.667178607936915,-0.383266059212614,0.401922983157555,0.0589344771758284,"Study2","G8","T1","TurnTaking","Study2_G8_T1_TurnTaking.csv",1.86062708320333,11,49,0.716830347333234,3,43
"971",9.4554583,-0.667178607936915,-1.28664756610729,0.669093492714636,-0.241022907820957,"Study2","G8","T1","TurnTaking","Study2_G8_T1_TurnTaking.csv",1.86062708320333,11,49,0.716830347333234,3,43
"972",9.457125,-0.667178607936915,-1.75482034687817,0.809638240273306,-0.559321114002317,"Study2","G8","T1","TurnTaking","Study2_G8_T1_TurnTaking.csv",1.86062708320333,11,49,0.716830347333234,3,43
"973",9.4587917,-0.667178607936915,-1.75482034687817,0.859873551290703,-0.832208002146833,"Study2","G8","T1","TurnTaking","Study2_G8_T1_TurnTaking.csv",1.86062708320333,11,49,0.716830347333234,3,43
"974",9.4604583,-0.667178607936915,-1.75482034687817,0.819420172540055,-1.04512869189003,"Study2","G8","T1","TurnTaking","Study2_G8_T1_TurnTaking.csv",1.86062708320333,11,49,0.716830347333234,3,43
"975",9.462125,-0.667178607936915,-1.75482034687817,0.758121983276094,-1.20757549651309,"Study2","G8","T1","TurnTaking","Study2_G8_T1_TurnTaking.csv",1.86062708320333,11,49,0.716830347333234,3,43
"976",9.4637917,-0.667178607936915,-1.75482034687817,0.76749754879144,-1.32121549105363,"Study2","G8","T1","TurnTaking","Study2_G8_T1_TurnTaking.csv",1.86062708320333,11,49,0.716830347333234,3,43
"977",9.4654583,-0.667178607936915,-1.75482034687817,0.818397701359106,-1.3666831581098,"Study2","G8","T1","TurnTaking","Study2_G8_T1_TurnTaking.csv",1.86062708320333,11,49,0.716830347333234,3,43
"978",9.467125,-0.453589635955954,-1.75482034687817,0.872872133525134,-1.35793294001481,"Study2","G8","T1","TurnTaking","Study2_G8_T1_TurnTaking.csv",1.86062708320333,11,49,0.716830347333234,3,43
"979",9.4687917,-0.396812820619242,-1.75482034687817,0.909968252913832,-1.30127264585121,"Study2","G8","T1","TurnTaking","Study2_G8_T1_TurnTaking.csv",1.86062708320333,11,49,0.716830347333234,3,43
"980",9.4704583,-0.396812820619242,-1.62283996727091,0.897127085977366,-1.19666147607591,"Study2","G8","T1","TurnTaking","Study2_G8_T1_TurnTaking.csv",1.86062708320333,11,49,0.716830347333234,3,43
"981",9.472125,-0.396812820619242,-0.654983850151024,0.855838229734242,-1.02140247367092,"Study2","G8","T1","TurnTaking","Study2_G8_T1_TurnTaking.csv",1.86062708320333,11,49,0.716830347333234,3,43
"982",9.4737917,-0.396812820619242,-0.654983850151024,0.820173077025699,-0.794270703909022,"Study2","G8","T1","TurnTaking","Study2_G8_T1_TurnTaking.csv",1.86062708320333,11,49,0.716830347333234,3,43
"983",9.4754583,-0.396812820619242,0.851546089867236,0.808882198685639,-0.563421896051923,"Study2","G8","T1","TurnTaking","Study2_G8_T1_TurnTaking.csv",1.86062708320333,11,49,0.716830347333234,3,43
"984",9.477125,-0.396812820619242,1.94248156367356,0.823042741101709,-0.333852995540162,"Study2","G8","T1","TurnTaking","Study2_G8_T1_TurnTaking.csv",1.86062708320333,11,49,0.716830347333234,3,43
"985",9.4787917,-0.396812820619242,1.94248156367356,0.853879109520557,-0.0717540201541279,"Study2","G8","T1","TurnTaking","Study2_G8_T1_TurnTaking.csv",1.86062708320333,11,49,0.716830347333234,3,43
"986",9.4804583,-0.396812820619242,1.94248156367356,0.872407394268222,0.268498477236035,"Study2","G8","T1","TurnTaking","Study2_G8_T1_TurnTaking.csv",1.86062708320333,11,49,0.716830347333234,3,43
"987",9.482125,-0.396812820619242,1.94248156367356,0.865726151233643,0.671093675085695,"Study2","G8","T1","TurnTaking","Study2_G8_T1_TurnTaking.csv",1.86062708320333,11,49,0.716830347333234,3,43
"988",9.4837917,-0.239244442220345,1.94248156367356,0.814083177722552,1.08155519603351,"Study2","G8","T1","TurnTaking","Study2_G8_T1_TurnTaking.csv",1.86062708320333,11,49,0.716830347333234,3,43
"989",9.4854583,-0.197359177076334,0.58089793268612,0.720890184224879,1.45825124335419,"Study2","G8","T1","TurnTaking","Study2_G8_T1_TurnTaking.csv",1.86062708320333,11,49,0.716830347333234,3,43
"990",9.487125,-0.197359177076334,0.127036722356973,0.629553794928337,1.77188203886627,"Study2","G8","T1","TurnTaking","Study2_G8_T1_TurnTaking.csv",1.86062708320333,11,49,0.716830347333234,3,43
"991",9.4887917,-0.197359177076334,0.127036722356973,0.567233134483426,2.01247509005045,"Study2","G8","T1","TurnTaking","Study2_G8_T1_TurnTaking.csv",1.86062708320333,11,49,0.716830347333234,3,43
"992",9.4904583,-0.197359177076334,0.127036722356973,0.499345350379715,2.18695447880828,"Study2","G8","T1","TurnTaking","Study2_G8_T1_TurnTaking.csv",1.86062708320333,11,49,0.716830347333234,3,43
"993",9.492125,-0.197359177076334,0.127036722356973,0.421244730638453,2.311303640136,"Study2","G8","T1","TurnTaking","Study2_G8_T1_TurnTaking.csv",1.86062708320333,11,49,0.716830347333234,3,43
"994",9.4937917,-0.197359177076334,0.127036722356973,0.340493819884112,2.38843446310327,"Study2","G8","T1","TurnTaking","Study2_G8_T1_TurnTaking.csv",1.86062708320333,11,49,0.716830347333234,3,43
"995",9.4954583,-0.197359177076334,0.645587911083753,0.259196829298963,2.40338093348813,"Study2","G8","T1","TurnTaking","Study2_G8_T1_TurnTaking.csv",1.86062708320333,11,49,0.716830347333234,3,43
"996",9.497125,-0.197359177076334,2.03356445680738,0.191312070257918,2.34988074939073,"Study2","G8","T1","TurnTaking","Study2_G8_T1_TurnTaking.csv",1.86062708320333,11,49,0.716830347333234,3,43
"997",9.4987917,-0.197359177076334,2.03356445680738,0.215533410902755,2.21791205940395,"Study2","G8","T1","TurnTaking","Study2_G8_T1_TurnTaking.csv",1.86062708320333,11,49,0.716830347333234,3,43
"998",9.5004583,-0.163880695478619,2.03356445680738,0.373639431510341,2.0013784702595,"Study2","G8","T1","TurnTaking","Study2_G8_T1_TurnTaking.csv",1.86062708320333,11,49,0.716830347333234,3,43
"999",9.502125,-0.154981352269099,2.03356445680738,0.578895199216482,1.73626660553625,"Study2","G8","T1","TurnTaking","Study2_G8_T1_TurnTaking.csv",1.86062708320333,11,49,0.716830347333234,3,43
"1000",9.5037917,-0.154981352269099,1.4429340191194,0.76237858256457,1.47294464244719,"Study2","G8","T1","TurnTaking","Study2_G8_T1_TurnTaking.csv",1.86062708320333,11,49,0.716830347333234,3,43
"1001",9.5054583,-0.154981352269099,1.20169060090881,0.866355252228715,1.22442406885019,"Study2","G8","T1","TurnTaking","Study2_G8_T1_TurnTaking.csv",1.86062708320333,11,49,0.716830347333234,3,43
"1002",9.507125,-0.154981352269099,1.20169060090881,0.873409026128587,0.997222825740411,"Study2","G8","T1","TurnTaking","Study2_G8_T1_TurnTaking.csv",1.86062708320333,11,49,0.716830347333234,3,43
"1003",9.5087917,-0.154981352269099,1.20169060090881,0.804448129054118,0.798151013079025,"Study2","G8","T1","TurnTaking","Study2_G8_T1_TurnTaking.csv",1.86062708320333,11,49,0.716830347333234,3,43
"1004",9.5104583,-0.154981352269099,1.11712889499418,0.704417037420691,0.610392514285448,"Study2","G8","T1","TurnTaking","Study2_G8_T1_TurnTaking.csv",1.86062708320333,11,49,0.716830347333234,3,43
"1005",9.512125,-0.154981352269099,1.04214021239064,0.668603320523462,0.423304782805489,"Study2","G8","T1","TurnTaking","Study2_G8_T1_TurnTaking.csv",1.86062708320333,11,49,0.716830347333234,3,43
"1006",9.5137917,-0.154981352269099,1.04214021239064,0.66213271148189,0.24064893735959,"Study2","G8","T1","TurnTaking","Study2_G8_T1_TurnTaking.csv",1.86062708320333,11,49,0.716830347333234,3,43
"1007",9.5154583,-0.154981352269099,1.04214021239064,0.662092265273658,0.0774270840732241,"Study2","G8","T1","TurnTaking","Study2_G8_T1_TurnTaking.csv",1.86062708320333,11,49,0.716830347333234,3,43
"1008",9.517125,0.0459978182044609,1.04206018867553,0.638310118912113,-0.0629511620891773,"Study2","G8","T1","TurnTaking","Study2_G8_T1_TurnTaking.csv",1.86062708320333,11,49,0.716830347333234,3,43
"1009",9.5187917,0.0994226609885724,1.03413784087929,0.565126570474636,-0.180814479964402,"Study2","G8","T1","TurnTaking","Study2_G8_T1_TurnTaking.csv",1.86062708320333,11,49,0.716830347333234,3,43
"1010",9.5204583,0.0994226609885724,1.03413784087929,0.482843185381808,-0.272594478743678,"Study2","G8","T1","TurnTaking","Study2_G8_T1_TurnTaking.csv",1.86062708320333,11,49,0.716830347333234,3,43
"1011",9.522125,0.0994226609885724,1.03413784087929,0.431293988813349,-0.347540671629972,"Study2","G8","T1","TurnTaking","Study2_G8_T1_TurnTaking.csv",1.86062708320333,11,49,0.716830347333234,3,43
"1012",9.5237917,0.0994226609885724,1.03413784087929,0.476642030996185,-0.421994131572575,"Study2","G8","T1","TurnTaking","Study2_G8_T1_TurnTaking.csv",1.86062708320333,11,49,0.716830347333234,3,43
"1013",9.5254583,0.0994226609885724,1.03413784087929,0.639128118264744,-0.501580202569334,"Study2","G8","T1","TurnTaking","Study2_G8_T1_TurnTaking.csv",1.86062708320333,11,49,0.716830347333234,3,43
"1014",9.527125,0.0994226609885724,1.03413784087929,0.826012792442471,-0.576678466479939,"Study2","G8","T1","TurnTaking","Study2_G8_T1_TurnTaking.csv",1.86062708320333,11,49,0.716830347333234,3,43
"1015",9.5287917,0.0994226609885724,1.03413784087929,0.945782978165281,-0.641254157318012,"Study2","G8","T1","TurnTaking","Study2_G8_T1_TurnTaking.csv",1.86062708320333,11,49,0.716830347333234,3,43
"1016",9.5304583,0.0994226609885724,1.03413784087929,0.965699430558351,-0.698284785795975,"Study2","G8","T1","TurnTaking","Study2_G8_T1_TurnTaking.csv",1.86062708320333,11,49,0.716830347333234,3,43
"1017",9.532125,0.0994226609885724,1.03413784087929,0.915670047880926,-0.748838272821899,"Study2","G8","T1","TurnTaking","Study2_G8_T1_TurnTaking.csv",1.86062708320333,11,49,0.716830347333234,3,43
"1018",9.5337917,0.140776116205274,1.03413784087929,0.839286207222033,-0.795620512569474,"Study2","G8","T1","TurnTaking","Study2_G8_T1_TurnTaking.csv",1.86062708320333,11,49,0.716830347333234,3,43
"1019",9.5354583,0.151768806832499,1.03413784087929,0.788234017245585,-0.85205983298386,"Study2","G8","T1","TurnTaking","Study2_G8_T1_TurnTaking.csv",1.86062708320333,11,49,0.716830347333234,3,43
"1020",9.537125,0.151768806832499,1.03413784087929,0.759404049649489,-0.930887974006725,"Study2","G8","T1","TurnTaking","Study2_G8_T1_TurnTaking.csv",1.86062708320333,11,49,0.716830347333234,3,43
"1021",9.5387917,0.151768806832499,1.03413784087929,0.748505645180443,-1.01182913192651,"Study2","G8","T1","TurnTaking","Study2_G8_T1_TurnTaking.csv",1.86062708320333,11,49,0.716830347333234,3,43
"1022",9.5404583,0.151768806832499,1.03413784087929,0.780393951131391,-1.07319207272843,"Study2","G8","T1","TurnTaking","Study2_G8_T1_TurnTaking.csv",1.86062708320333,11,49,0.716830347333234,3,43
"1023",9.542125,0.151768806832499,1.03413784087929,0.786839463356775,-1.10791020142156,"Study2","G8","T1","TurnTaking","Study2_G8_T1_TurnTaking.csv",1.86062708320333,11,49,0.716830347333234,3,43
"1024",9.5437917,0.151768806832499,1.03413784087929,0.753853955973103,-1.11779396206738,"Study2","G8","T1","TurnTaking","Study2_G8_T1_TurnTaking.csv",1.86062708320333,11,49,0.716830347333234,3,43
"1025",9.5454583,0.151768806832499,0.391406994235352,0.75025581199149,-1.10493326133211,"Study2","G8","T1","TurnTaking","Study2_G8_T1_TurnTaking.csv",1.86062708320333,11,49,0.716830347333234,3,43
"1026",9.547125,0.151768806832499,-1.53678554569648,0.777026384148506,-1.07961386375136,"Study2","G8","T1","TurnTaking","Study2_G8_T1_TurnTaking.csv",1.86062708320333,11,49,0.716830347333234,3,43
"1027",9.5487917,0.151768806832499,-1.53678554569648,0.813409485063002,-1.05809310335201,"Study2","G8","T1","TurnTaking","Study2_G8_T1_TurnTaking.csv",1.86062708320333,11,49,0.716830347333234,3,43
"1028",9.5504583,0.0986324223383882,-1.53678554569648,0.800946562999086,-1.05411928491558,"Study2","G8","T1","TurnTaking","Study2_G8_T1_TurnTaking.csv",1.86062708320333,11,49,0.716830347333234,3,43
"1029",9.552125,0.0845075606374212,-1.53678554569648,0.752955064204008,-1.06913323146789,"Study2","G8","T1","TurnTaking","Study2_G8_T1_TurnTaking.csv",1.86062708320333,11,49,0.716830347333234,3,43
"1030",9.5537917,0.0845075606374212,-1.53678554569648,0.668549317552915,-1.09062389150501,"Study2","G8","T1","TurnTaking","Study2_G8_T1_TurnTaking.csv",1.86062708320333,11,49,0.716830347333234,3,43
"1031",9.5554583,0.0845075606374212,-1.53678554569648,0.575288652283021,-1.10817226002537,"Study2","G8","T1","TurnTaking","Study2_G8_T1_TurnTaking.csv",1.86062708320333,11,49,0.716830347333234,3,43
"1032",9.557125,0.0845075606374212,-1.53678554569648,0.545711158090465,-1.11861594447084,"Study2","G8","T1","TurnTaking","Study2_G8_T1_TurnTaking.csv",1.86062708320333,11,49,0.716830347333234,3,43
"1033",9.5587917,0.0845075606374212,-1.53678554569648,0.599540579672587,-1.14057023567965,"Study2","G8","T1","TurnTaking","Study2_G8_T1_TurnTaking.csv",1.86062708320333,11,49,0.716830347333234,3,43
"1034",9.5604583,0.0845075606374212,-0.992939854705743,0.6996535720767,-1.1855473096283,"Study2","G8","T1","TurnTaking","Study2_G8_T1_TurnTaking.csv",1.86062708320333,11,49,0.716830347333234,3,43
"1035",9.562125,0.0845075606374212,-0.673538417139757,0.786818399957474,-1.21791989255995,"Study2","G8","T1","TurnTaking","Study2_G8_T1_TurnTaking.csv",1.86062708320333,11,49,0.716830347333234,3,43
"1036",9.5637917,0.0845075606374212,-0.673538417139757,0.816856375911338,-1.20131975677749,"Study2","G8","T1","TurnTaking","Study2_G8_T1_TurnTaking.csv",1.86062708320333,11,49,0.716830347333234,3,43
"1037",9.5654583,0.0845075606374212,-0.673538417139757,0.770563729901351,-1.13071942851095,"Study2","G8","T1","TurnTaking","Study2_G8_T1_TurnTaking.csv",1.86062708320333,11,49,0.716830347333234,3,43
"1038",9.567125,0.0436462912719051,-0.673538417139757,0.681487174455319,-1.00363555654902,"Study2","G8","T1","TurnTaking","Study2_G8_T1_TurnTaking.csv",1.86062708320333,11,49,0.716830347333234,3,43
"1039",9.5687917,0.0327844348582871,-0.673538417139757,0.634592989132323,-0.820613941772601,"Study2","G8","T1","TurnTaking","Study2_G8_T1_TurnTaking.csv",1.86062708320333,11,49,0.716830347333234,3,43
"1040",9.5704583,0.0327844348582871,-0.673538417139757,0.638762197721573,-0.583643775891826,"Study2","G8","T1","TurnTaking","Study2_G8_T1_TurnTaking.csv",1.86062708320333,11,49,0.716830347333234,3,43
"1041",9.572125,0.0327844348582871,-0.673538417139757,0.65738313901829,-0.299207763932796,"Study2","G8","T1","TurnTaking","Study2_G8_T1_TurnTaking.csv",1.86062708320333,11,49,0.716830347333234,3,43
"1042",9.5737917,0.0327844348582871,-0.657628112041731,0.66352950615786,0.00412314412490629,"Study2","G8","T1","TurnTaking","Study2_G8_T1_TurnTaking.csv",1.86062708320333,11,49,0.716830347333234,3,43
"1043",9.5754583,0.0327844348582871,-0.62532537138816,0.640221846477371,0.280265151061878,"Study2","G8","T1","TurnTaking","Study2_G8_T1_TurnTaking.csv",1.86062708320333,11,49,0.716830347333234,3,43
"1044",9.577125,0.0327844348582871,-0.62532537138816,0.60972271652605,0.460574880123311,"Study2","G8","T1","TurnTaking","Study2_G8_T1_TurnTaking.csv",1.86062708320333,11,49,0.716830347333234,3,43
"1045",9.5787917,0.0327844348582871,-0.62532537138816,0.581360961406964,0.512155345858451,"Study2","G8","T1","TurnTaking","Study2_G8_T1_TurnTaking.csv",1.86062708320333,11,49,0.716830347333234,3,43
"1046",9.5804583,0.0327844348582871,-0.62532537138816,0.577841357015297,0.452860770705219,"Study2","G8","T1","TurnTaking","Study2_G8_T1_TurnTaking.csv",1.86062708320333,11,49,0.716830347333234,3,43
"1047",9.582125,0.0327844348582871,-0.62532537138816,0.575369992856916,0.319116587314504,"Study2","G8","T1","TurnTaking","Study2_G8_T1_TurnTaking.csv",1.86062708320333,11,49,0.716830347333234,3,43
"1048",9.5837917,-0.0248997469007897,-0.62532537138816,0.56249779101829,0.145934224591428,"Study2","G8","T1","TurnTaking","Study2_G8_T1_TurnTaking.csv",1.86062708320333,11,49,0.716830347333234,3,43
"1049",9.5854583,-0.0402335167354803,-0.62532537138816,0.570111761708074,-0.0389198032312315,"Study2","G8","T1","TurnTaking","Study2_G8_T1_TurnTaking.csv",1.86062708320333,11,49,0.716830347333234,3,43
"1050",9.587125,-0.0402335167354803,-0.600157912984972,0.650964740317538,-0.220779344307794,"Study2","G8","T1","TurnTaking","Study2_G8_T1_TurnTaking.csv",1.86062708320333,11,49,0.716830347333234,3,43
"1051",9.5887917,-0.0402335167354803,-0.551303434908195,0.780882778850269,-0.40018292407614,"Study2","G8","T1","TurnTaking","Study2_G8_T1_TurnTaking.csv",1.86062708320333,11,49,0.716830347333234,3,43
"1052",9.5904583,-0.0402335167354803,-0.551303434908195,0.879269804944659,-0.594083893943673,"Study2","G8","T1","TurnTaking","Study2_G8_T1_TurnTaking.csv",1.86062708320333,11,49,0.716830347333234,3,43
"1053",9.592125,-0.0402335167354803,-0.551303434908195,0.945567190361807,-0.790805453203985,"Study2","G8","T1","TurnTaking","Study2_G8_T1_TurnTaking.csv",1.86062708320333,11,49,0.716830347333234,3,43
"1054",9.5937917,-0.0402335167354803,-0.551303434908195,0.978753360235626,-0.960884197535937,"Study2","G8","T1","TurnTaking","Study2_G8_T1_TurnTaking.csv",1.86062708320333,11,49,0.716830347333234,3,43
"1055",9.5954583,-0.0402335167354803,-0.551303434908195,0.993118486519371,-1.07664419910491,"Study2","G8","T1","TurnTaking","Study2_G8_T1_TurnTaking.csv",1.86062708320333,11,49,0.716830347333234,3,43
"1056",9.597125,-0.0402335167354803,-0.551303434908195,0.999703263666727,-1.13883810962224,"Study2","G8","T1","TurnTaking","Study2_G8_T1_TurnTaking.csv",1.86062708320333,11,49,0.716830347333234,3,43
"1057",9.5987917,-0.0402335167354803,-0.551303434908195,0.989045519738628,-1.16196360449859,"Study2","G8","T1","TurnTaking","Study2_G8_T1_TurnTaking.csv",1.86062708320333,11,49,0.716830347333234,3,43
"1058",9.6004583,0.0418040209403111,-0.551303434908195,0.936198235168582,-1.16273494411252,"Study2","G8","T1","TurnTaking","Study2_G8_T1_TurnTaking.csv",1.86062708320333,11,49,0.716830347333234,3,43
"1059",9.602125,0.0636114676642564,-0.636928362742076,0.841108079222189,-1.1475452456822,"Study2","G8","T1","TurnTaking","Study2_G8_T1_TurnTaking.csv",1.86062708320333,11,49,0.716830347333234,3,43
"1060",9.6037917,0.0636114676642564,-0.642393783667643,0.742431431387413,-1.13451934959407,"Study2","G8","T1","TurnTaking","Study2_G8_T1_TurnTaking.csv",1.86062708320333,11,49,0.716830347333234,3,43
"1061",9.6054583,0.0636114676642564,-0.642393783667643,0.680919919185853,-1.13525074559937,"Study2","G8","T1","TurnTaking","Study2_G8_T1_TurnTaking.csv",1.86062708320333,11,49,0.716830347333234,3,43
"1062",9.607125,0.0636114676642564,-0.642393783667643,0.646069404649202,-1.14951788932591,"Study2","G8","T1","TurnTaking","Study2_G8_T1_TurnTaking.csv",1.86062708320333,11,49,0.716830347333234,3,43
"1063",9.6087917,0.0636114676642564,-0.642393783667643,0.642061756814162,-1.16469403546044,"Study2","G8","T1","TurnTaking","Study2_G8_T1_TurnTaking.csv",1.86062708320333,11,49,0.716830347333234,3,43
"1064",9.6104583,0.0636114676642564,-0.642393783667643,0.686096361603367,-1.17296007995645,"Study2","G8","T1","TurnTaking","Study2_G8_T1_TurnTaking.csv",1.86062708320333,11,49,0.716830347333234,3,43
"1065",9.612125,0.0636114676642564,-0.642393783667643,0.724699746475005,-1.16954918109031,"Study2","G8","T1","TurnTaking","Study2_G8_T1_TurnTaking.csv",1.86062708320333,11,49,0.716830347333234,3,43
"1066",9.6137917,0.0636114676642564,-0.642393783667643,0.735453172014822,-1.16332696545483,"Study2","G8","T1","TurnTaking","Study2_G8_T1_TurnTaking.csv",1.86062708320333,11,49,0.716830347333234,3,43
"1067",9.6154583,0.0636114676642564,-0.655524929755201,0.699909694049048,-1.15704569034085,"Study2","G8","T1","TurnTaking","Study2_G8_T1_TurnTaking.csv",1.86062708320333,11,49,0.716830347333234,3,43
"1068",9.617125,0.290637113382615,-0.715344595265189,0.642471484746305,-1.14958336831292,"Study2","G8","T1","TurnTaking","Study2_G8_T1_TurnTaking.csv",1.86062708320333,11,49,0.716830347333234,3,43
"1069",9.6187917,0.350985702750786,-0.715344595265189,0.590394134644316,-1.14249480433724,"Study2","G8","T1","TurnTaking","Study2_G8_T1_TurnTaking.csv",1.86062708320333,11,49,0.716830347333234,3,43
"1070",9.6204583,0.350985702750786,-0.715344595265189,0.57120168058253,-1.13619198820576,"Study2","G8","T1","TurnTaking","Study2_G8_T1_TurnTaking.csv",1.86062708320333,11,49,0.716830347333234,3,43
"1071",9.622125,0.350985702750786,-0.715344595265189,0.568568867709295,-1.13048247731828,"Study2","G8","T1","TurnTaking","Study2_G8_T1_TurnTaking.csv",1.86062708320333,11,49,0.716830347333234,3,43
"1072",9.6237917,0.350985702750786,-0.715344595265189,0.534880313354282,-1.10050551231466,"Study2","G8","T1","TurnTaking","Study2_G8_T1_TurnTaking.csv",1.86062708320333,11,49,0.716830347333234,3,43
"1073",9.6254583,0.350985702750786,-0.715344595265189,0.463508553374743,-1.02954412235718,"Study2","G8","T1","TurnTaking","Study2_G8_T1_TurnTaking.csv",1.86062708320333,11,49,0.716830347333234,3,43
"1074",9.627125,0.350985702750786,-0.715344595265189,0.458205506482708,-0.93582100967344,"Study2","G8","T1","TurnTaking","Study2_G8_T1_TurnTaking.csv",1.86062708320333,11,49,0.716830347333234,3,43
"1075",9.6287917,0.350985702750786,-0.715344595265189,0.524113555130865,-0.838455753160698,"Study2","G8","T1","TurnTaking","Study2_G8_T1_TurnTaking.csv",1.86062708320333,11,49,0.716830347333234,3,43
"1076",9.6304583,0.350985702750786,-0.71614038389303,0.575585332502959,-0.742058843845921,"Study2","G8","T1","TurnTaking","Study2_G8_T1_TurnTaking.csv",1.86062708320333,11,49,0.716830347333234,3,43
"1077",9.632125,0.350985702750786,-0.717285543137972,0.594329517093456,-0.657475114129901,"Study2","G8","T1","TurnTaking","Study2_G8_T1_TurnTaking.csv",1.86062708320333,11,49,0.716830347333234,3,43
"1078",9.6337917,0.34482353589393,-0.717285543137972,0.582184562727495,-0.60947216917122,"Study2","G8","T1","TurnTaking","Study2_G8_T1_TurnTaking.csv",1.86062708320333,11,49,0.716830347333234,3,43
"1079",9.6354583,0.343185491539575,-0.717285543137972,0.511510919987545,-0.607482834805333,"Study2","G8","T1","TurnTaking","Study2_G8_T1_TurnTaking.csv",1.86062708320333,11,49,0.716830347333234,3,43
"1080",9.637125,0.343185491539575,-0.717285543137972,0.400667918269434,-0.632739178546741,"Study2","G8","T1","TurnTaking","Study2_G8_T1_TurnTaking.csv",1.86062708320333,11,49,0.716830347333234,3,43
"1081",9.6387917,0.343185491539575,-0.717285543137972,0.294886070469472,-0.665550142583181,"Study2","G8","T1","TurnTaking","Study2_G8_T1_TurnTaking.csv",1.86062708320333,11,49,0.716830347333234,3,43
"1082",9.6404583,0.343185491539575,-0.717285543137972,0.210244144851752,-0.688441682037512,"Study2","G8","T1","TurnTaking","Study2_G8_T1_TurnTaking.csv",1.86062708320333,11,49,0.716830347333234,3,43
"1083",9.642125,0.343185491539575,-0.717285543137972,0.11276026802206,-0.6859386443334,"Study2","G8","T1","TurnTaking","Study2_G8_T1_TurnTaking.csv",1.86062708320333,11,49,0.716830347333234,3,43
"1084",9.6437917,0.343185491539575,-0.714035387404264,-0.00295129195782926,-0.63006110224335,"Study2","G8","T1","TurnTaking","Study2_G8_T1_TurnTaking.csv",1.86062708320333,11,49,0.716830347333234,3,43
"1085",9.6454583,0.343185491539575,-0.636031649795267,-0.123237755042224,-0.515442631946933,"Study2","G8","T1","TurnTaking","Study2_G8_T1_TurnTaking.csv",1.86062708320333,11,49,0.716830347333234,3,43
"1086",9.647125,0.343185491539575,-0.636031649795267,-0.234272232023128,-0.379120659241656,"Study2","G8","T1","TurnTaking","Study2_G8_T1_TurnTaking.csv",1.86062708320333,11,49,0.716830347333234,3,43
"1087",9.6487917,0.343185491539575,-0.636031649795267,-0.276427152503458,-0.17525932259316,"Study2","G8","T1","TurnTaking","Study2_G8_T1_TurnTaking.csv",1.86062708320333,11,49,0.716830347333234,3,43
"1088",9.6504583,0.288119738508812,-0.636031649795267,-0.214980959247602,0.0797736284249237,"Study2","G8","T1","TurnTaking","Study2_G8_T1_TurnTaking.csv",1.86062708320333,11,49,0.716830347333234,3,43
"1089",9.652125,0.273482006690508,0.582275632894515,-0.0569363362081894,0.300875482495779,"Study2","G8","T1","TurnTaking","Study2_G8_T1_TurnTaking.csv",1.86062708320333,11,49,0.716830347333234,3,43
"1090",9.6537917,0.273482006690508,1.01032954302876,0.172879579161328,0.436965639615214,"Study2","G8","T1","TurnTaking","Study2_G8_T1_TurnTaking.csv",1.86062708320333,11,49,0.716830347333234,3,43
"1091",9.6554583,0.273482006690508,1.01032954302876,0.438487475792625,0.516273959876198,"Study2","G8","T1","TurnTaking","Study2_G8_T1_TurnTaking.csv",1.86062708320333,11,49,0.716830347333234,3,43
"1092",9.657125,0.273482006690508,1.01032954302876,0.698039533085602,0.591624581799946,"Study2","G8","T1","TurnTaking","Study2_G8_T1_TurnTaking.csv",1.86062708320333,11,49,0.716830347333234,3,43
"1093",9.6587917,0.273482006690508,1.4020839007208,0.934992243519256,0.667410018434859,"Study2","G8","T1","TurnTaking","Study2_G8_T1_TurnTaking.csv",1.86062708320333,11,49,0.716830347333234,3,43
"1094",9.6604583,0.273482006690508,1.45550494949699,1.17880624423577,0.730014206875186,"Study2","G8","T1","TurnTaking","Study2_G8_T1_TurnTaking.csv",1.86062708320333,11,49,0.716830347333234,3,43
"1095",9.662125,0.273482006690508,1.45550494949699,1.41283764044938,0.795041260490861,"Study2","G8","T1","TurnTaking","Study2_G8_T1_TurnTaking.csv",1.86062708320333,11,49,0.716830347333234,3,43
"1096",9.6637917,0.273482006690508,1.45550494949699,1.50131971506196,0.824332907294859,"Study2","G8","T1","TurnTaking","Study2_G8_T1_TurnTaking.csv",1.86062708320333,11,49,0.716830347333234,3,43
"1097",9.6654583,0.273482006690508,1.45550494949699,1.37615393793742,0.768106999875193,"Study2","G8","T1","TurnTaking","Study2_G8_T1_TurnTaking.csv",1.86062708320333,11,49,0.716830347333234,3,43
"1098",9.667125,0.285658684648866,1.45550494949699,1.07843298440306,0.645725346584358,"Study2","G8","T1","TurnTaking","Study2_G8_T1_TurnTaking.csv",1.86062708320333,11,49,0.716830347333234,3,43
"1099",9.6687917,0.288895523093492,1.45550494949699,0.723926226747493,0.516156554197954,"Study2","G8","T1","TurnTaking","Study2_G8_T1_TurnTaking.csv",1.86062708320333,11,49,0.716830347333234,3,43
"1100",9.6704583,0.288895523093492,1.45550494949699,0.375232967298928,0.426086855147082,"Study2","G8","T1","TurnTaking","Study2_G8_T1_TurnTaking.csv",1.86062708320333,11,49,0.716830347333234,3,43
"1101",9.672125,0.288895523093492,-0.100447984904548,0.0309357961395287,0.453752939735284,"Study2","G8","T1","TurnTaking","Study2_G8_T1_TurnTaking.csv",1.86062708320333,11,49,0.716830347333234,3,43
"1102",9.6737917,0.288895523093492,-0.565213147128385,-0.121470670288122,0.601328025583923,"Study2","G8","T1","TurnTaking","Study2_G8_T1_TurnTaking.csv",1.86062708320333,11,49,0.716830347333234,3,43
"1103",9.6754583,0.288895523093492,-0.565213147128385,-0.0941747455815252,0.758463471504171,"Study2","G8","T1","TurnTaking","Study2_G8_T1_TurnTaking.csv",1.86062708320333,11,49,0.716830347333234,3,43
"1104",9.677125,0.288895523093492,-0.107889096918342,-0.0311457723154474,0.856923325549323,"Study2","G8","T1","TurnTaking","Study2_G8_T1_TurnTaking.csv",1.86062708320333,11,49,0.716830347333234,3,43
"1105",9.6787917,0.288895523093492,1.61252042530039,0.0875850242833586,0.997206277673976,"Study2","G8","T1","TurnTaking","Study2_G8_T1_TurnTaking.csv",1.86062708320333,11,49,0.716830347333234,3,43
"1106",9.6804583,0.288895523093492,1.61252042530039,0.221991695614949,1.22609984588827,"Study2","G8","T1","TurnTaking","Study2_G8_T1_TurnTaking.csv",1.86062708320333,11,49,0.716830347333234,3,43
"1107",9.682125,0.288895523093492,1.61252042530039,0.220925641123744,1.45622738629798,"Study2","G8","T1","TurnTaking","Study2_G8_T1_TurnTaking.csv",1.86062708320333,11,49,0.716830347333234,3,43
"1108",9.6837917,0.288895523093492,1.97522617440624,0.147245534251688,1.64537763454108,"Study2","G8","T1","TurnTaking","Study2_G8_T1_TurnTaking.csv",1.86062708320333,11,49,0.716830347333234,3,43
"1109",9.6854583,0.288895523093492,2.06030530073971,-0.0742169506653598,1.80196571036725,"Study2","G8","T1","TurnTaking","Study2_G8_T1_TurnTaking.csv",1.86062708320333,11,49,0.716830347333234,3,43
"1110",9.687125,0.288895523093492,2.06030530073971,-0.287426056276615,1.89282714880361,"Study2","G8","T1","TurnTaking","Study2_G8_T1_TurnTaking.csv",1.86062708320333,11,49,0.716830347333234,3,43
"1111",9.6887917,0.288895523093492,2.06030530073971,-0.39062405240278,1.92768964511082,"Study2","G8","T1","TurnTaking","Study2_G8_T1_TurnTaking.csv",1.86062708320333,11,49,0.716830347333234,3,43
"1112",9.6904583,0.288895523093492,2.06030530073971,-0.467332919239181,1.93825558552987,"Study2","G8","T1","TurnTaking","Study2_G8_T1_TurnTaking.csv",1.86062708320333,11,49,0.716830347333234,3,43
"1113",9.692125,0.288895523093492,2.06030530073971,-0.347518365930609,1.94200300929878,"Study2","G8","T1","TurnTaking","Study2_G8_T1_TurnTaking.csv",1.86062708320333,11,49,0.716830347333234,3,43
"1114",9.6937917,0.288895523093492,2.06030530073971,-0.213627075645739,1.92386889628891,"Study2","G8","T1","TurnTaking","Study2_G8_T1_TurnTaking.csv",1.86062708320333,11,49,0.716830347333234,3,43
"1115",9.6954583,0.288895523093492,2.06030530073971,-0.348820823467158,1.87276589933273,"Study2","G8","T1","TurnTaking","Study2_G8_T1_TurnTaking.csv",1.86062708320333,11,49,0.716830347333234,3,43
"1116",9.697125,0.288895523093492,1.83872112471562,-0.503070113254907,1.80471597047768,"Study2","G8","T1","TurnTaking","Study2_G8_T1_TurnTaking.csv",1.86062708320333,11,49,0.716830347333234,3,43
"1117",9.6987917,0.288895523093492,-0.7094968995614,-0.657561968252689,1.70358032262106,"Study2","G8","T1","TurnTaking","Study2_G8_T1_TurnTaking.csv",1.86062708320333,11,49,0.716830347333234,3,43
"1118",9.7004583,0.313347316180444,-0.7094968995614,-0.951459802774605,1.41010136297802,"Study2","G8","T1","TurnTaking","Study2_G8_T1_TurnTaking.csv",1.86062708320333,11,49,0.716830347333234,3,43
"1119",9.702125,0.319847159912419,-0.7094968995614,-1.25506495135085,0.890305625845022,"Study2","G8","T1","TurnTaking","Study2_G8_T1_TurnTaking.csv",1.86062708320333,11,49,0.716830347333234,3,43
"1120",9.7037917,0.319847159912419,-0.7094968995614,-1.45711415263153,0.486261188280551,"Study2","G8","T1","TurnTaking","Study2_G8_T1_TurnTaking.csv",1.86062708320333,11,49,0.716830347333234,3,43
"1121",9.7054583,0.319847159912419,0.194019802678059,-1.48759569240365,0.487635819040656,"Study2","G8","T1","TurnTaking","Study2_G8_T1_TurnTaking.csv",1.86062708320333,11,49,0.716830347333234,3,43
"1122",9.707125,0.319847159912419,0.96368217865982,-1.16866927366263,0.799569724464377,"Study2","G8","T1","TurnTaking","Study2_G8_T1_TurnTaking.csv",1.86062708320333,11,49,0.716830347333234,3,43
"1123",9.7087917,0.319847159912419,0.96368217865982,-0.579064617144811,1.26440248548937,"Study2","G8","T1","TurnTaking","Study2_G8_T1_TurnTaking.csv",1.86062708320333,11,49,0.716830347333234,3,43
"1124",9.7104583,0.319847159912419,0.96368217865982,0.134635840628814,1.68308440109475,"Study2","G8","T1","TurnTaking","Study2_G8_T1_TurnTaking.csv",1.86062708320333,11,49,0.716830347333234,3,43
"1125",9.712125,0.319847159912419,0.96368217865982,0.83091238560641,1.85467058868553,"Study2","G8","T1","TurnTaking","Study2_G8_T1_TurnTaking.csv",1.86062708320333,11,49,0.716830347333234,3,43
"1126",9.7137917,0.319847159912419,0.96368217865982,1.36070964855759,1.85838206320667,"Study2","G8","T1","TurnTaking","Study2_G8_T1_TurnTaking.csv",1.86062708320333,11,49,0.716830347333234,3,43
"1127",9.7154583,0.319847159912419,0.219823474468485,1.67295460018531,1.52930550220175,"Study2","G8","T1","TurnTaking","Study2_G8_T1_TurnTaking.csv",1.86062708320333,11,49,0.716830347333234,3,43
"1128",9.717125,0.381685390255511,0.118388196624212,1.80063353214876,1.02970097392345,"Study2","G8","T1","TurnTaking","Study2_G8_T1_TurnTaking.csv",1.86062708320333,11,49,0.716830347333234,3,43
"1129",9.7187917,0.398123400853042,0.118388196624212,1.79877356676689,0.490105047333171,"Study2","G8","T1","TurnTaking","Study2_G8_T1_TurnTaking.csv",1.86062708320333,11,49,0.716830347333234,3,43
"1130",9.7204583,0.398123400853042,0.754800400545297,1.69510433310105,0.0553720779083562,"Study2","G8","T1","TurnTaking","Study2_G8_T1_TurnTaking.csv",1.86062708320333,11,49,0.716830347333234,3,43
"1131",9.722125,0.398123400853042,2.04691002668811,1.50799658856158,-0.110647397195823,"Study2","G8","T1","TurnTaking","Study2_G8_T1_TurnTaking.csv",1.86062708320333,11,49,0.716830347333234,3,43
"1132",9.7237917,0.398123400853042,2.04691002668811,1.30913132175605,-0.0468954006301519,"Study2","G8","T1","TurnTaking","Study2_G8_T1_TurnTaking.csv",1.86062708320333,11,49,0.716830347333234,3,43
"1133",9.7254583,0.398123400853042,2.04691002668811,1.12630101582564,0.295068109767141,"Study2","G8","T1","TurnTaking","Study2_G8_T1_TurnTaking.csv",1.86062708320333,11,49,0.716830347333234,3,43
"1134",9.727125,0.398123400853042,1.86802546126098,0.870407491728232,0.697353601994118,"Study2","G8","T1","TurnTaking","Study2_G8_T1_TurnTaking.csv",1.86062708320333,11,49,0.716830347333234,3,43
"1135",9.7287917,0.398123400853042,0.994647877116774,0.568286416487821,0.98781082764374,"Study2","G8","T1","TurnTaking","Study2_G8_T1_TurnTaking.csv",1.86062708320333,11,49,0.716830347333234,3,43
"1136",9.7304583,0.398123400853042,0.994647877116774,0.283851650219835,1.16787233570864,"Study2","G8","T1","TurnTaking","Study2_G8_T1_TurnTaking.csv",1.86062708320333,11,49,0.716830347333234,3,43
"1137",9.732125,0.398123400853042,0.994647877116774,0.0140074334238564,1.29028465998468,"Study2","G8","T1","TurnTaking","Study2_G8_T1_TurnTaking.csv",1.86062708320333,11,49,0.716830347333234,3,43
"1138",9.7337917,-6.33553121796357e-16,0.994647877116774,-0.297977698932705,1.38442860711656,"Study2","G8","T1","TurnTaking","Study2_G8_T1_TurnTaking.csv",1.86062708320333,11,49,0.716830347333234,3,43
"1139",9.7354583,-6.33553121796357e-16,0.994647877116774,-0.655018114629693,1.41887825769735,"Study2","G8","T1","TurnTaking","Study2_G8_T1_TurnTaking.csv",1.86062708320333,11,49,0.716830347333234,3,43
"1140",9.737125,-6.33553121796357e-16,0.642488856029514,-1.00522278501744,1.40098580351973,"Study2","G8","T1","TurnTaking","Study2_G8_T1_TurnTaking.csv",1.86062708320333,11,49,0.716830347333234,3,43
"1141",9.7387917,-6.33553121796357e-16,0.461073602742138,-1.28812507694694,1.36730207163457,"Study2","G8","T1","TurnTaking","Study2_G8_T1_TurnTaking.csv",1.86062708320333,11,49,0.716830347333234,3,43
"1142",9.7404583,-6.33553121796357e-16,0.461073602742138,-1.48401984425428,1.33816520631404,"Study2","G8","T1","TurnTaking","Study2_G8_T1_TurnTaking.csv",1.86062708320333,11,49,0.716830347333234,3,43
"1143",9.742125,-6.33553121796357e-16,0.461073602742138,-1.60400133620624,1.29831632109144,"Study2","G8","T1","TurnTaking","Study2_G8_T1_TurnTaking.csv",1.86062708320333,11,49,0.716830347333234,3,43
"1144",9.7437917,-6.33553121796357e-16,0.461073602742138,-1.68336452747261,1.23472495489479,"Study2","G8","T1","TurnTaking","Study2_G8_T1_TurnTaking.csv",1.86062708320333,11,49,0.716830347333234,3,43
"1145",9.7454583,-6.33553121796357e-16,0.461073602742138,-1.79518798561243,1.13091893414502,"Study2","G8","T1","TurnTaking","Study2_G8_T1_TurnTaking.csv",1.86062708320333,11,49,0.716830347333234,3,43
"1146",9.747125,-6.33553121796357e-16,0.461073602742138,-1.99696269046605,1.01571757247398,"Study2","G8","T1","TurnTaking","Study2_G8_T1_TurnTaking.csv",1.86062708320333,11,49,0.716830347333234,3,43
"1147",9.7487917,-6.33553121796357e-16,-0.0958822094718721,-2.10743080849235,0.94266941427669,"Study2","G8","T1","TurnTaking","Study2_G8_T1_TurnTaking.csv",1.86062708320333,11,49,0.716830347333234,3,43
"1148",9.7504583,0.234856133317469,-0.357979062278465,-2.00618095272279,0.905805029898027,"Study2","G8","T1","TurnTaking","Study2_G8_T1_TurnTaking.csv",1.86062708320333,11,49,0.716830347333234,3,43
"1149",9.752125,1.41421928492563,-0.357979062278465,-1.73114628858954,0.882434452451539,"Study2","G8","T1","TurnTaking","Study2_G8_T1_TurnTaking.csv",1.86062708320333,11,49,0.716830347333234,3,43
"1150",9.7537917,1.41421928492563,-0.357979062278465,-1.35248743061237,0.848028597184506,"Study2","G8","T1","TurnTaking","Study2_G8_T1_TurnTaking.csv",1.86062708320333,11,49,0.716830347333234,3,43
"1151",9.7554583,1.41421928492563,-0.357979062278465,-0.895628125825975,0.752947687118586,"Study2","G8","T1","TurnTaking","Study2_G8_T1_TurnTaking.csv",1.86062708320333,11,49,0.716830347333234,3,43
"1152",9.757125,1.41421928492563,-0.357979062278465,-0.4159771026026,0.608477646218522,"Study2","G8","T1","TurnTaking","Study2_G8_T1_TurnTaking.csv",1.86062708320333,11,49,0.716830347333234,3,43
"1153",9.7587917,1.41421928492563,-0.357979062278465,-0.0155748784610929,0.461886457044068,"Study2","G8","T1","TurnTaking","Study2_G8_T1_TurnTaking.csv",1.86062708320333,11,49,0.716830347333234,3,43
"1154",9.7604583,1.41421928492563,-0.357979062278465,0.219188919035655,0.395441405321767,"Study2","G8","T1","TurnTaking","Study2_G8_T1_TurnTaking.csv",1.86062708320333,11,49,0.716830347333234,3,43
"1155",9.762125,1.41421928492563,-0.44398238796524,0.205245172777282,0.454649531093447,"Study2","G8","T1","TurnTaking","Study2_G8_T1_TurnTaking.csv",1.86062708320333,11,49,0.716830347333234,3,43
"1156",9.7637917,1.41421928492563,-0.596877189186174,-0.0293576241620441,0.573257369302523,"Study2","G8","T1","TurnTaking","Study2_G8_T1_TurnTaking.csv",1.86062708320333,11,49,0.716830347333234,3,43
"1157",9.7654583,1.41421928492563,-0.596877189186174,-0.369523792153266,0.670763569691457,"Study2","G8","T1","TurnTaking","Study2_G8_T1_TurnTaking.csv",1.86062708320333,11,49,0.716830347333234,3,43
"1158",9.767125,0.494875177211096,-0.596877189186174,-0.694465267906299,0.683324122738967,"Study2","G8","T1","TurnTaking","Study2_G8_T1_TurnTaking.csv",1.86062708320333,11,49,0.716830347333234,3,43
"1159",9.7687917,0.250492566299637,-0.596877189186174,-0.946478532918697,0.70732452530022,"Study2","G8","T1","TurnTaking","Study2_G8_T1_TurnTaking.csv",1.86062708320333,11,49,0.716830347333234,3,43
"1160",9.7704583,0.250492566299637,-0.596877189186174,-1.1486129961508,0.680876578119713,"Study2","G8","T1","TurnTaking","Study2_G8_T1_TurnTaking.csv",1.86062708320333,11,49,0.716830347333234,3,43
"1161",9.772125,0.250492566299637,-0.596877189186174,-1.29138026845377,0.662990828762115,"Study2","G8","T1","TurnTaking","Study2_G8_T1_TurnTaking.csv",1.86062708320333,11,49,0.716830347333234,3,43
"1162",9.7737917,0.250492566299637,-0.538172189412295,-1.36469042136577,0.676932717389753,"Study2","G8","T1","TurnTaking","Study2_G8_T1_TurnTaking.csv",1.86062708320333,11,49,0.716830347333234,3,43
"1163",9.7754583,0.250492566299637,-0.352273023461678,-1.39028177928002,0.700405151038267,"Study2","G8","T1","TurnTaking","Study2_G8_T1_TurnTaking.csv",1.86062708320333,11,49,0.716830347333234,3,43
"1164",9.777125,0.250492566299637,-0.352273023461678,-1.39119490004758,0.720824466429435,"Study2","G8","T1","TurnTaking","Study2_G8_T1_TurnTaking.csv",1.86062708320333,11,49,0.716830347333234,3,43
"1165",9.7787917,0.250492566299637,-0.352273023461678,-1.38693605997194,0.722849036764369,"Study2","G8","T1","TurnTaking","Study2_G8_T1_TurnTaking.csv",1.86062708320333,11,49,0.716830347333234,3,43
"1166",9.7804583,0.250492566299637,-0.352273023461678,-1.39725858214095,0.690505412948986,"Study2","G8","T1","TurnTaking","Study2_G8_T1_TurnTaking.csv",1.86062708320333,11,49,0.716830347333234,3,43
"1167",9.782125,0.250492566299637,-0.352273023461678,-1.45773216173016,0.564676340921255,"Study2","G8","T1","TurnTaking","Study2_G8_T1_TurnTaking.csv",1.86062708320333,11,49,0.716830347333234,3,43
"1168",9.7837917,0.184401850202293,-0.352273023461678,-1.55972304581342,0.298538068111767,"Study2","G8","T1","TurnTaking","Study2_G8_T1_TurnTaking.csv",1.86062708320333,11,49,0.716830347333234,3,43
"1169",9.7854583,0.1668334319992,-0.352273023461678,-1.6342750429693,-0.00316428195949142,"Study2","G8","T1","TurnTaking","Study2_G8_T1_TurnTaking.csv",1.86062708320333,11,49,0.716830347333234,3,43
"1170",9.787125,0.1668334319992,-0.410999072951924,-1.59960771278295,-0.128859400242542,"Study2","G8","T1","TurnTaking","Study2_G8_T1_TurnTaking.csv",1.86062708320333,11,49,0.716830347333234,3,43
"1171",9.7887917,0.1668334319992,-0.439923843596373,-1.44558787960035,-0.00297355122824781,"Study2","G8","T1","TurnTaking","Study2_G8_T1_TurnTaking.csv",1.86062708320333,11,49,0.716830347333234,3,43
"1172",9.7904583,0.1668334319992,-0.439923843596373,-1.18218234062892,0.184010326869255,"Study2","G8","T1","TurnTaking","Study2_G8_T1_TurnTaking.csv",1.86062708320333,11,49,0.716830347333234,3,43
"1173",9.792125,0.1668334319992,-0.439923843596373,-0.80610800656169,0.207375768708918,"Study2","G8","T1","TurnTaking","Study2_G8_T1_TurnTaking.csv",1.86062708320333,11,49,0.716830347333234,3,43
"1174",9.7937917,0.1668334319992,-0.439923843596373,-0.385714263657264,0.00605612947146494,"Study2","G8","T1","TurnTaking","Study2_G8_T1_TurnTaking.csv",1.86062708320333,11,49,0.716830347333234,3,43
"1175",9.7954583,0.1668334319992,-0.439923843596373,0.0188046226145994,-0.224305366360258,"Study2","G8","T1","TurnTaking","Study2_G8_T1_TurnTaking.csv",1.86062708320333,11,49,0.716830347333234,3,43
"1176",9.797125,0.1668334319992,-0.439923843596373,0.378364579393902,-0.325067113508883,"Study2","G8","T1","TurnTaking","Study2_G8_T1_TurnTaking.csv",1.86062708320333,11,49,0.716830347333234,3,43
"1177",9.7987917,0.1668334319992,-0.439923843596373,0.62631966682081,-0.257666696261423,"Study2","G8","T1","TurnTaking","Study2_G8_T1_TurnTaking.csv",1.86062708320333,11,49,0.716830347333234,3,43
"1178",9.8004583,0.143060855386884,-0.449941818645163,0.69161609261374,-0.0115755500040497,"Study2","G8","T1","TurnTaking","Study2_G8_T1_TurnTaking.csv",1.86062708320333,11,49,0.716830347333234,3,43
"1179",9.802125,0.136741562869687,-0.450359234272196,0.574091063585544,0.392921676895475,"Study2","G8","T1","TurnTaking","Study2_G8_T1_TurnTaking.csv",1.86062708320333,11,49,0.716830347333234,3,43
"1180",9.8037917,0.136741562869687,-0.450359234272196,0.28999611269032,0.781816359638264,"Study2","G8","T1","TurnTaking","Study2_G8_T1_TurnTaking.csv",1.86062708320333,11,49,0.716830347333234,3,43
"1181",9.8054583,0.136741562869687,-0.450359234272196,-0.129836761188045,1.02882977528792,"Study2","G8","T1","TurnTaking","Study2_G8_T1_TurnTaking.csv",1.86062708320333,11,49,0.716830347333234,3,43
"1182",9.807125,0.136741562869687,0.160976792955518,-0.560768702025602,1.14228659985172,"Study2","G8","T1","TurnTaking","Study2_G8_T1_TurnTaking.csv",1.86062708320333,11,49,0.716830347333234,3,43
"1183",9.8087917,0.136741562869687,0.748338858331165,-0.916830453930612,1.11312262993962,"Study2","G8","T1","TurnTaking","Study2_G8_T1_TurnTaking.csv",1.86062708320333,11,49,0.716830347333234,3,43
"1184",9.8104583,0.136741562869687,0.748338858331165,-1.18776548591591,0.968403512108549,"Study2","G8","T1","TurnTaking","Study2_G8_T1_TurnTaking.csv",1.86062708320333,11,49,0.716830347333234,3,43
"1185",9.812125,0.136741562869687,0.748338858331165,-1.37622005557769,0.776113268259318,"Study2","G8","T1","TurnTaking","Study2_G8_T1_TurnTaking.csv",1.86062708320333,11,49,0.716830347333234,3,43
"1186",9.8137917,0.136741562869687,0.748338858331165,-1.48351365043491,0.62756698209781,"Study2","G8","T1","TurnTaking","Study2_G8_T1_TurnTaking.csv",1.86062708320333,11,49,0.716830347333234,3,43
"1187",9.8154583,0.136741562869687,0.703203743361184,-1.50697121877638,0.547396593168984,"Study2","G8","T1","TurnTaking","Study2_G8_T1_TurnTaking.csv",1.86062708320333,11,49,0.716830347333234,3,43
"1188",9.817125,0.0779844159550246,0.619381386988362,-1.49855493424408,0.48522878865302,"Study2","G8","T1","TurnTaking","Study2_G8_T1_TurnTaking.csv",1.86062708320333,11,49,0.716830347333234,3,43
"1189",9.8187917,0.0623654275346711,0.619381386988362,-1.48994034004815,0.403753384967713,"Study2","G8","T1","TurnTaking","Study2_G8_T1_TurnTaking.csv",1.86062708320333,11,49,0.716830347333234,3,43
"1190",9.8204583,0.0623654275346711,0.619381386988362,-1.48125527309605,0.322060288615333,"Study2","G8","T1","TurnTaking","Study2_G8_T1_TurnTaking.csv",1.86062708320333,11,49,0.716830347333234,3,43
"1191",9.822125,0.0623654275346711,0.646304396706959,-1.47002467193059,0.303544000864246,"Study2","G8","T1","TurnTaking","Study2_G8_T1_TurnTaking.csv",1.86062708320333,11,49,0.716830347333234,3,43
"1192",9.8237917,0.0623654275346711,1.51681504427492,-1.45142826725327,0.328194485656071,"Study2","G8","T1","TurnTaking","Study2_G8_T1_TurnTaking.csv",1.86062708320333,11,49,0.716830347333234,3,43
"1193",9.8254583,0.0623654275346711,1.51681504427492,-1.43377052831713,0.354962552328658,"Study2","G8","T1","TurnTaking","Study2_G8_T1_TurnTaking.csv",1.86062708320333,11,49,0.716830347333234,3,43
"1194",9.827125,0.0623654275346711,1.52466233877313,-1.43993526991141,0.384189290768621,"Study2","G8","T1","TurnTaking","Study2_G8_T1_TurnTaking.csv",1.86062708320333,11,49,0.716830347333234,3,43
"1195",9.8287917,0.0623654275346711,1.71299740673014,-1.49968641972035,0.417300830460058,"Study2","G8","T1","TurnTaking","Study2_G8_T1_TurnTaking.csv",1.86062708320333,11,49,0.716830347333234,3,43
"1196",9.8304583,0.0623654275346711,1.71299740673014,-1.60544496333385,0.437670929619154,"Study2","G8","T1","TurnTaking","Study2_G8_T1_TurnTaking.csv",1.86062708320333,11,49,0.716830347333234,3,43
"1197",9.832125,0.0623654275346711,1.71299740673014,-1.68268288001864,0.440212912341687,"Study2","G8","T1","TurnTaking","Study2_G8_T1_TurnTaking.csv",1.86062708320333,11,49,0.716830347333234,3,43
"1198",9.8337917,0.0273907009493471,1.71299740673014,-1.66095878462388,0.44165915628585,"Study2","G8","T1","TurnTaking","Study2_G8_T1_TurnTaking.csv",1.86062708320333,11,49,0.716830347333234,3,43
"1199",9.8354583,0.0180936217304636,1.62093534143002,-1.52459792281036,0.459769303130542,"Study2","G8","T1","TurnTaking","Study2_G8_T1_TurnTaking.csv",1.86062708320333,11,49,0.716830347333234,3,43
"1200",9.837125,0.0180936217304636,1.09925030472939,-1.31833268048879,0.479786044008943,"Study2","G8","T1","TurnTaking","Study2_G8_T1_TurnTaking.csv",1.86062708320333,11,49,0.716830347333234,3,43
"1201",9.8387917,0.0180936217304636,1.09925030472939,-1.05775479083413,0.482783954492923,"Study2","G8","T1","TurnTaking","Study2_G8_T1_TurnTaking.csv",1.86062708320333,11,49,0.716830347333234,3,43
"1202",9.8404583,0.0180936217304636,1.13609302435095,-0.757183331953974,0.494219524334311,"Study2","G8","T1","TurnTaking","Study2_G8_T1_TurnTaking.csv",1.86062708320333,11,49,0.716830347333234,3,43
"1203",9.842125,0.0180936217304636,2.02031829526841,-0.44604532918312,0.513483185534153,"Study2","G8","T1","TurnTaking","Study2_G8_T1_TurnTaking.csv",1.86062708320333,11,49,0.716830347333234,3,43
"1204",9.8437917,0.0180936217304636,2.02031829526841,-0.137397065025356,0.528166456069248,"Study2","G8","T1","TurnTaking","Study2_G8_T1_TurnTaking.csv",1.86062708320333,11,49,0.716830347333234,3,43
"1205",9.8454583,0.0180936217304636,2.02031829526841,0.0843945915254442,0.516239579841621,"Study2","G8","T1","TurnTaking","Study2_G8_T1_TurnTaking.csv",1.86062708320333,11,49,0.716830347333234,3,43
"1206",9.847125,0.0180936217304636,1.93971900585617,0.0876324169317848,0.471642540798,"Study2","G8","T1","TurnTaking","Study2_G8_T1_TurnTaking.csv",1.86062708320333,11,49,0.716830347333234,3,43
"1207",9.8487917,0.0180936217304636,1.92975729592881,-0.136322943700376,0.415385249114404,"Study2","G8","T1","TurnTaking","Study2_G8_T1_TurnTaking.csv",1.86062708320333,11,49,0.716830347333234,3,43
"1208",9.8504583,0.059181296587524,1.92975729592881,-0.451915407265905,0.368541382084931,"Study2","G8","T1","TurnTaking","Study2_G8_T1_TurnTaking.csv",1.86062708320333,11,49,0.716830347333234,3,43
"1209",9.852125,0.0701033367394014,1.92975729592881,-0.76938912369132,0.341319670142821,"Study2","G8","T1","TurnTaking","Study2_G8_T1_TurnTaking.csv",1.86062708320333,11,49,0.716830347333234,3,43
"1210",9.8537917,0.0701033367394014,1.7955853600192,-1.04672843741826,0.254558443133084,"Study2","G8","T1","TurnTaking","Study2_G8_T1_TurnTaking.csv",1.86062708320333,11,49,0.716830347333234,3,43
"1211",9.8554583,0.0701033367394014,0.971386325145901,-1.21523843280812,-0.00119277956174642,"Study2","G8","T1","TurnTaking","Study2_G8_T1_TurnTaking.csv",1.86062708320333,11,49,0.716830347333234,3,43
"1212",9.857125,0.0701033367394014,0.971386325145901,-1.20389388761559,-0.336360170260883,"Study2","G8","T1","TurnTaking","Study2_G8_T1_TurnTaking.csv",1.86062708320333,11,49,0.716830347333234,3,43
"1213",9.8587917,0.0701033367394014,0.971386325145901,-0.922557457753253,-0.63966040733338,"Study2","G8","T1","TurnTaking","Study2_G8_T1_TurnTaking.csv",1.86062708320333,11,49,0.716830347333234,3,43
"1214",9.8604583,0.0701033367394014,1.67591685265092,-0.460775143577099,-0.865951649444956,"Study2","G8","T1","TurnTaking","Study2_G8_T1_TurnTaking.csv",1.86062708320333,11,49,0.716830347333234,3,43
"1215",9.862125,0.0701033367394014,1.71299740673014,-0.0620896985179595,-1.00983523257678,"Study2","G8","T1","TurnTaking","Study2_G8_T1_TurnTaking.csv",1.86062708320333,11,49,0.716830347333234,3,43
"1216",9.8637917,0.0701033367394014,1.71299740673014,0.177057302741785,-1.08536445949343,"Study2","G8","T1","TurnTaking","Study2_G8_T1_TurnTaking.csv",1.86062708320333,11,49,0.716830347333234,3,43
"1217",9.8654583,0.0701033367394014,1.71299740673014,0.253455708517216,-1.1146980470865,"Study2","G8","T1","TurnTaking","Study2_G8_T1_TurnTaking.csv",1.86062708320333,11,49,0.716830347333234,3,43
"1218",9.867125,0.0991226145253676,1.63484008323313,0.225254169680046,-1.12483530699143,"Study2","G8","T1","TurnTaking","Study2_G8_T1_TurnTaking.csv",1.86062708320333,11,49,0.716830347333234,3,43
"1219",9.8687917,0.106836599759612,1.00247628403005,0.155606023183711,-1.13302617190975,"Study2","G8","T1","TurnTaking","Study2_G8_T1_TurnTaking.csv",1.86062708320333,11,49,0.716830347333234,3,43
"1220",9.8704583,0.106836599759612,1.00247628403005,0.103907926308493,-1.14483364527871,"Study2","G8","T1","TurnTaking","Study2_G8_T1_TurnTaking.csv",1.86062708320333,11,49,0.716830347333234,3,43
"1221",9.872125,0.106836599759612,1.00247628403005,0.0882926648683767,-1.15252749758099,"Study2","G8","T1","TurnTaking","Study2_G8_T1_TurnTaking.csv",1.86062708320333,11,49,0.716830347333234,3,43
"1222",9.8737917,0.106836599759612,1.00053657876154,0.0592152023304975,-1.14436716099212,"Study2","G8","T1","TurnTaking","Study2_G8_T1_TurnTaking.csv",1.86062708320333,11,49,0.716830347333234,3,43
"1223",9.8754583,0.106836599759612,0.96368217865982,0.0361299407756044,-1.13549525754652,"Study2","G8","T1","TurnTaking","Study2_G8_T1_TurnTaking.csv",1.86062708320333,11,49,0.716830347333234,3,43
"1224",9.877125,0.106836599759612,0.96368217865982,-0.0289642539761675,-1.12687300165491,"Study2","G8","T1","TurnTaking","Study2_G8_T1_TurnTaking.csv",1.86062708320333,11,49,0.716830347333234,3,43
"1225",9.8787917,0.106836599759612,0.96368217865982,-0.11617356148206,-1.1101440477346,"Study2","G8","T1","TurnTaking","Study2_G8_T1_TurnTaking.csv",1.86062708320333,11,49,0.716830347333234,3,43
"1226",9.8804583,0.106836599759612,1.92871052609012,-0.188657088010862,-1.08087593912855,"Study2","G8","T1","TurnTaking","Study2_G8_T1_TurnTaking.csv",1.86062708320333,11,49,0.716830347333234,3,43
"1227",9.882125,0.106836599759612,2.06030530073971,-0.242337721325583,-1.06000868469766,"Study2","G8","T1","TurnTaking","Study2_G8_T1_TurnTaking.csv",1.86062708320333,11,49,0.716830347333234,3,43
"1228",9.8837917,0.130461520616571,2.06030530073971,-0.290226928186823,-1.0348463510923,"Study2","G8","T1","TurnTaking","Study2_G8_T1_TurnTaking.csv",1.86062708320333,11,49,0.716830347333234,3,43
"1229",9.8854583,0.136741562869687,2.06030530073971,-0.317442968831178,-0.994010430769122,"Study2","G8","T1","TurnTaking","Study2_G8_T1_TurnTaking.csv",1.86062708320333,11,49,0.716830347333234,3,43
"1230",9.887125,0.136741562869687,2.06030530073971,-0.313218972995875,-0.960765935923221,"Study2","G8","T1","TurnTaking","Study2_G8_T1_TurnTaking.csv",1.86062708320333,11,49,0.716830347333234,3,43
"1231",9.8887917,0.136741562869687,2.06030530073971,-0.298234157023127,-0.946453285013981,"Study2","G8","T1","TurnTaking","Study2_G8_T1_TurnTaking.csv",1.86062708320333,11,49,0.716830347333234,3,43
"1232",9.8904583,0.136741562869687,2.06030530073971,-0.192045382274973,-0.944777793287389,"Study2","G8","T1","TurnTaking","Study2_G8_T1_TurnTaking.csv",1.86062708320333,11,49,0.716830347333234,3,43
"1233",9.892125,0.136741562869687,2.06030530073971,0.0255166764726243,-0.931838203925059,"Study2","G8","T1","TurnTaking","Study2_G8_T1_TurnTaking.csv",1.86062708320333,11,49,0.716830347333234,3,43
"1234",9.8937917,0.136741562869687,2.06030530073971,0.253045196309568,-0.870914785473894,"Study2","G8","T1","TurnTaking","Study2_G8_T1_TurnTaking.csv",1.86062708320333,11,49,0.716830347333234,3,43
"1235",9.8954583,0.136741562869687,2.06030530073971,0.417760306605193,-0.758655555890493,"Study2","G8","T1","TurnTaking","Study2_G8_T1_TurnTaking.csv",1.86062708320333,11,49,0.716830347333234,3,43
"1236",9.897125,0.136741562869687,1.84401412187241,0.500917710729644,-0.59501058566406,"Study2","G8","T1","TurnTaking","Study2_G8_T1_TurnTaking.csv",1.86062708320333,11,49,0.716830347333234,3,43
"1237",9.8987917,0.136741562869687,1.47573454704431,0.495078331430946,-0.416730705200131,"Study2","G8","T1","TurnTaking","Study2_G8_T1_TurnTaking.csv",1.86062708320333,11,49,0.716830347333234,3,43
"1238",9.9004583,0.2448354195073,1.47573454704431,0.420803519646718,-0.308802932006217,"Study2","G8","T1","TurnTaking","Study2_G8_T1_TurnTaking.csv",1.86062708320333,11,49,0.716830347333234,3,43
"1239",9.902125,0.273569229499578,1.47573454704431,0.343995385939144,-0.291953433981268,"Study2","G8","T1","TurnTaking","Study2_G8_T1_TurnTaking.csv",1.86062708320333,11,49,0.716830347333234,3,43
"1240",9.9037917,0.273569229499578,1.79724846157678,0.274951915857842,-0.36261610280844,"Study2","G8","T1","TurnTaking","Study2_G8_T1_TurnTaking.csv",1.86062708320333,11,49,0.716830347333234,3,43
"1241",9.9054583,0.273569229499578,2.06030530073971,0.163948473779099,-0.504906221267121,"Study2","G8","T1","TurnTaking","Study2_G8_T1_TurnTaking.csv",1.86062708320333,11,49,0.716830347333234,3,43
"1242",9.907125,0.273569229499578,2.06030530073971,0.0406189096925376,-0.685611677365554,"Study2","G8","T1","TurnTaking","Study2_G8_T1_TurnTaking.csv",1.86062708320333,11,49,0.716830347333234,3,43
"1243",9.9087917,0.273569229499578,2.06030530073971,0.0102568038760291,-0.86436303506715,"Study2","G8","T1","TurnTaking","Study2_G8_T1_TurnTaking.csv",1.86062708320333,11,49,0.716830347333234,3,43
"1244",9.9104583,0.273569229499578,1.94589872542142,0.0594075739081538,-1.00281642726046,"Study2","G8","T1","TurnTaking","Study2_G8_T1_TurnTaking.csv",1.86062708320333,11,49,0.716830347333234,3,43
"1245",9.912125,0.273569229499578,1.67895004967875,0.0971308896228381,-1.09509415193451,"Study2","G8","T1","TurnTaking","Study2_G8_T1_TurnTaking.csv",1.86062708320333,11,49,0.716830347333234,3,43
"1246",9.9137917,0.273569229499578,1.67895004967875,0.120958860081798,-1.1544325224015,"Study2","G8","T1","TurnTaking","Study2_G8_T1_TurnTaking.csv",1.86062708320333,11,49,0.716830347333234,3,43
"1247",9.9154583,0.273569229499578,1.67895004967875,0.148117088417435,-1.18630723678263,"Study2","G8","T1","TurnTaking","Study2_G8_T1_TurnTaking.csv",1.86062708320333,11,49,0.716830347333234,3,43
"1248",9.917125,0.2978832105482,1.51847118724858,0.173885020359864,-1.20277826911574,"Study2","G8","T1","TurnTaking","Study2_G8_T1_TurnTaking.csv",1.86062708320333,11,49,0.716830347333234,3,43
"1249",9.9187917,0.304346420700364,0.444497261754346,0.194775542931235,-1.22825515863912,"Study2","G8","T1","TurnTaking","Study2_G8_T1_TurnTaking.csv",1.86062708320333,11,49,0.716830347333234,3,43
"1250",9.9204583,0.304346420700364,0.444497261754346,0.216330458895444,-1.26966526833646,"Study2","G8","T1","TurnTaking","Study2_G8_T1_TurnTaking.csv",1.86062708320333,11,49,0.716830347333234,3,43
"1251",9.922125,0.304346420700364,0.444497261754346,0.234093626867445,-1.30224284757386,"Study2","G8","T1","TurnTaking","Study2_G8_T1_TurnTaking.csv",1.86062708320333,11,49,0.716830347333234,3,43
"1252",9.9237917,0.304346420700364,1.58296533121295,0.211273226354822,-1.32789791412292,"Study2","G8","T1","TurnTaking","Study2_G8_T1_TurnTaking.csv",1.86062708320333,11,49,0.716830347333234,3,43
"1253",9.9254583,0.304346420700364,1.94248156367356,0.134844569952736,-1.33457049394579,"Study2","G8","T1","TurnTaking","Study2_G8_T1_TurnTaking.csv",1.86062708320333,11,49,0.716830347333234,3,43
"1254",9.927125,0.304346420700364,1.94248156367356,0.0387996145976149,-1.31834311762537,"Study2","G8","T1","TurnTaking","Study2_G8_T1_TurnTaking.csv",1.86062708320333,11,49,0.716830347333234,3,43
"1255",9.9287917,0.304346420700364,1.94248156367356,-0.0122299434285205,-1.28801036919339,"Study2","G8","T1","TurnTaking","Study2_G8_T1_TurnTaking.csv",1.86062708320333,11,49,0.716830347333234,3,43
"1256",9.9304583,0.304346420700364,1.94248156367356,0.0118193047624554,-1.27231138975294,"Study2","G8","T1","TurnTaking","Study2_G8_T1_TurnTaking.csv",1.86062708320333,11,49,0.716830347333234,3,43
"1257",9.932125,0.304346420700364,1.94248156367356,0.0859363651306438,-1.27234534182029,"Study2","G8","T1","TurnTaking","Study2_G8_T1_TurnTaking.csv",1.86062708320333,11,49,0.716830347333234,3,43
"1258",9.9337917,0.298243316145649,1.94248156367356,0.120885026144887,-1.27807724965975,"Study2","G8","T1","TurnTaking","Study2_G8_T1_TurnTaking.csv",1.86062708320333,11,49,0.716830347333234,3,43
"1259",9.9354583,0.296620971896928,1.94248156367356,0.0805445830670867,-1.27657979230308,"Study2","G8","T1","TurnTaking","Study2_G8_T1_TurnTaking.csv",1.86062708320333,11,49,0.716830347333234,3,43
"1260",9.937125,0.296620971896928,1.94248156367356,0.0148152371949113,-1.26277870489589,"Study2","G8","T1","TurnTaking","Study2_G8_T1_TurnTaking.csv",1.86062708320333,11,49,0.716830347333234,3,43
"1261",9.9387917,0.296620971896928,1.94248156367356,-0.0542801071091367,-1.23951611784847,"Study2","G8","T1","TurnTaking","Study2_G8_T1_TurnTaking.csv",1.86062708320333,11,49,0.716830347333234,3,43
"1262",9.9404583,0.296620971896928,1.94248156367356,-0.0996724048383757,-1.21636836867588,"Study2","G8","T1","TurnTaking","Study2_G8_T1_TurnTaking.csv",1.86062708320333,11,49,0.716830347333234,3,43
"1263",9.942125,0.296620971896928,1.94248156367356,-0.134301193485579,-1.16805015452045,"Study2","G8","T1","TurnTaking","Study2_G8_T1_TurnTaking.csv",1.86062708320333,11,49,0.716830347333234,3,43
"1264",9.9437917,0.296620971896928,1.94248156367356,-0.119927552210627,-1.1347587259344,"Study2","G8","T1","TurnTaking","Study2_G8_T1_TurnTaking.csv",1.86062708320333,11,49,0.716830347333234,3,43
"1265",9.9454583,0.296620971896928,1.94248156367356,-0.102046630873386,-1.11162467171334,"Study2","G8","T1","TurnTaking","Study2_G8_T1_TurnTaking.csv",1.86062708320333,11,49,0.716830347333234,3,43
"1266",9.947125,0.296620971896928,1.94248156367356,-0.13523918699061,-1.09840633302502,"Study2","G8","T1","TurnTaking","Study2_G8_T1_TurnTaking.csv",1.86062708320333,11,49,0.716830347333234,3,43
"1267",9.9487917,0.296620971896928,1.94248156367356,-0.186670182036398,-1.09818421802985,"Study2","G8","T1","TurnTaking","Study2_G8_T1_TurnTaking.csv",1.86062708320333,11,49,0.716830347333234,3,43
"1268",9.9504583,0.302724076451643,1.94248156367356,-0.227423714227081,-1.08724166644364,"Study2","G8","T1","TurnTaking","Study2_G8_T1_TurnTaking.csv",1.86062708320333,11,49,0.716830347333234,3,43
"1269",9.952125,0.304346420700364,1.94248156367356,-0.247040013180115,-1.05739751393874,"Study2","G8","T1","TurnTaking","Study2_G8_T1_TurnTaking.csv",1.86062708320333,11,49,0.716830347333234,3,43
"1270",9.9537917,0.304346420700364,1.94248156367356,-0.26512955180192,-1.0244136511392,"Study2","G8","T1","TurnTaking","Study2_G8_T1_TurnTaking.csv",1.86062708320333,11,49,0.716830347333234,3,43
"1271",9.9554583,0.304346420700364,1.94248156367356,-0.297912604065717,-0.999722081492776,"Study2","G8","T1","TurnTaking","Study2_G8_T1_TurnTaking.csv",1.86062708320333,11,49,0.716830347333234,3,43
"1272",9.957125,0.304346420700364,1.94248156367356,-0.363926753985884,-0.981502945658801,"Study2","G8","T1","TurnTaking","Study2_G8_T1_TurnTaking.csv",1.86062708320333,11,49,0.716830347333234,3,43
"1273",9.9587917,0.304346420700364,1.94248156367356,-0.452117638307063,-0.958993723601428,"Study2","G8","T1","TurnTaking","Study2_G8_T1_TurnTaking.csv",1.86062708320333,11,49,0.716830347333234,3,43
"1274",9.9604583,0.304346420700364,-0.150330444643423,-0.483816373664305,-0.934828553654546,"Study2","G8","T1","TurnTaking","Study2_G8_T1_TurnTaking.csv",1.86062708320333,11,49,0.716830347333234,3,43
"1275",9.962125,0.304346420700364,-1.9373839901816,-0.443829526800297,-0.922338757856622,"Study2","G8","T1","TurnTaking","Study2_G8_T1_TurnTaking.csv",1.86062708320333,11,49,0.716830347333234,3,43
"1276",9.9637917,0.304346420700364,-1.75979076396596,-0.374099143415203,-0.928251553180913,"Study2","G8","T1","TurnTaking","Study2_G8_T1_TurnTaking.csv",1.86062708320333,11,49,0.716830347333234,3,43
"1277",9.9654583,0.304346420700364,-1.75979076396596,-0.319949401308609,-0.934928270020395,"Study2","G8","T1","TurnTaking","Study2_G8_T1_TurnTaking.csv",1.86062708320333,11,49,0.716830347333234,3,43
"1278",9.967125,0.267895136561481,-1.75979076396596,-0.291120217988019,-0.910060805840221,"Study2","G8","T1","TurnTaking","Study2_G8_T1_TurnTaking.csv",1.86062708320333,11,49,0.716830347333234,3,43
"1279",9.9687917,0.258205554701777,-1.75979076396596,-0.296682299875709,-0.857801584069736,"Study2","G8","T1","TurnTaking","Study2_G8_T1_TurnTaking.csv",1.86062708320333,11,49,0.716830347333234,3,43
"1280",9.9704583,0.258205554701777,-1.75979076396596,-0.357902173628441,-0.778376286097742,"Study2","G8","T1","TurnTaking","Study2_G8_T1_TurnTaking.csv",1.86062708320333,11,49,0.716830347333234,3,43
"1281",9.972125,0.258205554701777,-1.75979076396596,-0.437668706583547,-0.659739203460914,"Study2","G8","T1","TurnTaking","Study2_G8_T1_TurnTaking.csv",1.86062708320333,11,49,0.716830347333234,3,43
"1282",9.9737917,0.258205554701777,-0.505809704345329,-0.481624659743448,-0.497601533837562,"Study2","G8","T1","TurnTaking","Study2_G8_T1_TurnTaking.csv",1.86062708320333,11,49,0.716830347333234,3,43
"1283",9.9754583,0.258205554701777,-0.366478475498592,-0.530420265010768,-0.29446617227605,"Study2","G8","T1","TurnTaking","Study2_G8_T1_TurnTaking.csv",1.86062708320333,11,49,0.716830347333234,3,43
"1284",9.977125,0.258205554701777,-0.366478475498592,-0.598536721444121,-0.0785200394900628,"Study2","G8","T1","TurnTaking","Study2_G8_T1_TurnTaking.csv",1.86062708320333,11,49,0.716830347333234,3,43
"1285",9.9787917,0.258205554701777,-0.366478475498592,-0.531428955350685,0.211075260147464,"Study2","G8","T1","TurnTaking","Study2_G8_T1_TurnTaking.csv",1.86062708320333,11,49,0.716830347333234,3,43
"1286",9.9804583,0.258205554701777,-0.366478475498592,-0.259768916679882,0.501054446395145,"Study2","G8","T1","TurnTaking","Study2_G8_T1_TurnTaking.csv",1.86062708320333,11,49,0.716830347333234,3,43
"1287",9.982125,0.258205554701777,-0.366478475498592,0.0847266761825052,0.784611413652663,"Study2","G8","T1","TurnTaking","Study2_G8_T1_TurnTaking.csv",1.86062708320333,11,49,0.716830347333234,3,43
"1288",9.9837917,0.162249001154425,-0.366478475498592,0.342076823973049,1.06371894821947,"Study2","G8","T1","TurnTaking","Study2_G8_T1_TurnTaking.csv",1.86062708320333,11,49,0.716830347333234,3,43
"1289",9.9854583,0.136741562869687,-0.266031018346347,0.491956354720759,1.35327059519898,"Study2","G8","T1","TurnTaking","Study2_G8_T1_TurnTaking.csv",1.86062708320333,11,49,0.716830347333234,3,43
"1290",9.987125,0.136741562869687,-0.259619478528119,0.553682534332214,1.64909995089884,"Study2","G8","T1","TurnTaking","Study2_G8_T1_TurnTaking.csv",1.86062708320333,11,49,0.716830347333234,3,43
"1291",9.9887917,0.136741562869687,-0.259619478528119,0.572001865677242,1.91631441864962,"Study2","G8","T1","TurnTaking","Study2_G8_T1_TurnTaking.csv",1.86062708320333,11,49,0.716830347333234,3,43
"1292",9.9904583,0.136741562869687,1.41072636254472,0.567796132257289,2.16078956062612,"Study2","G8","T1","TurnTaking","Study2_G8_T1_TurnTaking.csv",1.86062708320333,11,49,0.716830347333234,3,43
"1293",9.992125,0.136741562869687,2.06030530073971,0.555139830261495,2.37263191559185,"Study2","G8","T1","TurnTaking","Study2_G8_T1_TurnTaking.csv",1.86062708320333,11,49,0.716830347333234,3,43
"1294",9.9937917,0.136741562869687,2.06030530073971,0.516871218991509,-2.147772894301e-16,"Study2","G8","T1","TurnTaking","Study2_G8_T1_TurnTaking.csv",1.86062708320333,11,49,0.716830347333234,3,43
"1295",9.9954583,0.136741562869687,2.06030530073971,0.46673988049832,-2.147772894301e-16,"Study2","G8","T1","TurnTaking","Study2_G8_T1_TurnTaking.csv",1.86062708320333,11,49,0.716830347333234,3,43
"1296",9.997125,0.136741562869687,2.06030530073971,0.422960949524032,-2.147772894301e-16,"Study2","G8","T1","TurnTaking","Study2_G8_T1_TurnTaking.csv",1.86062708320333,11,49,0.716830347333234,3,43
"1297",9.9987917,0.136741562869687,2.06030530073971,0.380980586363438,-2.147772894301e-16,"Study2","G8","T1","TurnTaking","Study2_G8_T1_TurnTaking.csv",1.86062708320333,11,49,0.716830347333234,3,43
"1298",10.0004578,0.196414175467557,1.66890856455713,0.32006041789331,-2.147772894301e-16,"Study2","G8","T1","TurnTaking","Study2_G8_T1_TurnTaking.csv",1.86062708320333,11,49,0.716830347333234,3,43
"1299",10.002125,0.212276515525219,1.00247628403005,0.272308011088167,-2.147772894301e-16,"Study2","G8","T1","TurnTaking","Study2_G8_T1_TurnTaking.csv",1.86062708320333,11,49,0.716830347333234,3,43
"1300",10.003792,0.212276515525219,1.00247628403005,0.265077102963325,-2.147772894301e-16,"Study2","G8","T1","TurnTaking","Study2_G8_T1_TurnTaking.csv",1.86062708320333,11,49,0.716830347333234,3,43
"1301",10.005457,0.212276515525219,0.832930386748324,0.262531456710601,-2.147772894301e-16,"Study2","G8","T1","TurnTaking","Study2_G8_T1_TurnTaking.csv",1.86062708320333,11,49,0.716830347333234,3,43
"1302",10.007124,0.212276515525219,0.782286807040795,0.27266384808912,-2.147772894301e-16,"Study2","G8","T1","TurnTaking","Study2_G8_T1_TurnTaking.csv",1.86062708320333,11,49,0.716830347333234,3,43
"1303",10.008792,0.212276515525219,0.782286807040795,0.274950571385546,-2.147772894301e-16,"Study2","G8","T1","TurnTaking","Study2_G8_T1_TurnTaking.csv",1.86062708320333,11,49,0.716830347333234,3,43
"1304",10.010459,0.212276515525219,0.782286807040795,0.247786629042652,-2.147772894301e-16,"Study2","G8","T1","TurnTaking","Study2_G8_T1_TurnTaking.csv",1.86062708320333,11,49,0.716830347333234,3,43
"1305",10.012125,0.212276515525219,0.782286807040795,0.205563476593311,-2.147772894301e-16,"Study2","G8","T1","TurnTaking","Study2_G8_T1_TurnTaking.csv",1.86062708320333,11,49,0.716830347333234,3,43
"1306",10.013792,0.212276515525219,2.03474493086573,0.167319513982081,-2.147772894301e-16,"Study2","G8","T1","TurnTaking","Study2_G8_T1_TurnTaking.csv",1.86062708320333,11,49,0.716830347333234,3,43
"1307",10.015457,0.212276515525219,2.06030530073971,0.124590279752732,-2.147772894301e-16,"Study2","G8","T1","TurnTaking","Study2_G8_T1_TurnTaking.csv",1.86062708320333,11,49,0.716830347333234,3,43
"1308",10.017125,0.147022515374892,1.95121856283049,0.0389441453694128,-2.147772894301e-16,"Study2","G8","T1","TurnTaking","Study2_G8_T1_TurnTaking.csv",1.86062708320333,11,49,0.716830347333234,3,43
"1309",10.018793,0.129676515334932,1.80661521257873,-0.0510622247085172,2.45987118200353,"Study2","G8","T1","TurnTaking","Study2_G8_T1_TurnTaking.csv",1.86062708320333,11,49,0.716830347333234,3,43
"1310",10.020459,0.129676515334932,1.80661521257873,-0.121442996566701,2.30496473210099,"Study2","G8","T1","TurnTaking","Study2_G8_T1_TurnTaking.csv",1.86062708320333,11,49,0.716830347333234,3,43
"1311",10.022124,0.129676515334932,1.90919269226978,-0.181076056892324,2.16644543295343,"Study2","G8","T1","TurnTaking","Study2_G8_T1_TurnTaking.csv",1.86062708320333,11,49,0.716830347333234,3,43
"1312",10.023792,0.129676515334932,2.02031829526841,-0.22316621862374,2.04158670530409,"Study2","G8","T1","TurnTaking","Study2_G8_T1_TurnTaking.csv",1.86062708320333,11,49,0.716830347333234,3,43
"1313",10.025458,0.129676515334932,2.02031829526841,-0.228606401689945,1.92684940277198,"Study2","G8","T1","TurnTaking","Study2_G8_T1_TurnTaking.csv",1.86062708320333,11,49,0.716830347333234,3,43
"1314",10.027125,0.129676515334932,2.02031829526841,-0.215301167732716,1.824485916917,"Study2","G8","T1","TurnTaking","Study2_G8_T1_TurnTaking.csv",1.86062708320333,11,49,0.716830347333234,3,43
"1315",10.028793,0.129676515334932,1.70058354153252,-0.216997667691289,1.72639696780919,"Study2","G8","T1","TurnTaking","Study2_G8_T1_TurnTaking.csv",1.86062708320333,11,49,0.716830347333234,3,43
"1316",10.030458,0.129676515334932,1.49616296127514,-0.262305599783967,1.61647044497021,"Study2","G8","T1","TurnTaking","Study2_G8_T1_TurnTaking.csv",1.86062708320333,11,49,0.716830347333234,3,43
"1317",10.032124,0.129676515334932,1.49616296127514,-0.420842411722996,1.50065423703766,"Study2","G8","T1","TurnTaking","Study2_G8_T1_TurnTaking.csv",1.86062708320333,11,49,0.716830347333234,3,43
"1318",10.033791,0.00691552033195636,1.49616296127514,-0.638786972838746,1.38563904111402,"Study2","G8","T1","TurnTaking","Study2_G8_T1_TurnTaking.csv",1.86062708320333,11,49,0.716830347333234,3,43
"1319",10.035459,-0.0257171492257975,1.46981005839652,-0.721305304465264,1.28070218827258,"Study2","G8","T1","TurnTaking","Study2_G8_T1_TurnTaking.csv",1.86062708320333,11,49,0.716830347333234,3,43
"1320",10.037125,-0.0257171492257975,1.35746347244026,-0.534259853808833,1.19651775198719,"Study2","G8","T1","TurnTaking","Study2_G8_T1_TurnTaking.csv",1.86062708320333,11,49,0.716830347333234,3,43
"1321",10.038792,-0.0257171492257975,1.35746347244026,-0.163310760172521,1.1382082147541,"Study2","G8","T1","TurnTaking","Study2_G8_T1_TurnTaking.csv",1.86062708320333,11,49,0.716830347333234,3,43
"1322",10.040458,-0.0257171492257975,1.35746347244026,0.224078428657376,1.14448920455658,"Study2","G8","T1","TurnTaking","Study2_G8_T1_TurnTaking.csv",1.86062708320333,11,49,0.716830347333234,3,43
"1323",10.042124,-0.0257171492257975,1.34954261576916,0.504234187765288,1.21004936269182,"Study2","G8","T1","TurnTaking","Study2_G8_T1_TurnTaking.csv",1.86062708320333,11,49,0.716830347333234,3,43
"1324",10.043791,-0.0257171492257975,1.3479202716317,0.649381063992453,1.2953172693615,"Study2","G8","T1","TurnTaking","Study2_G8_T1_TurnTaking.csv",1.86062708320333,11,49,0.716830347333234,3,43
"1325",10.045459,-0.0257171492257975,1.3479202716317,0.668149112966201,1.35830791221539,"Study2","G8","T1","TurnTaking","Study2_G8_T1_TurnTaking.csv",1.86062708320333,11,49,0.716830347333234,3,43
"1326",10.047126,-0.0257171492257975,1.3479202716317,0.61477333874455,1.36183821394021,"Study2","G8","T1","TurnTaking","Study2_G8_T1_TurnTaking.csv",1.86062708320333,11,49,0.716830347333234,3,43
"1327",10.048791,-0.0257171492257975,1.3479202716317,0.557135475305882,1.29938324340929,"Study2","G8","T1","TurnTaking","Study2_G8_T1_TurnTaking.csv",1.86062708320333,11,49,0.716830347333234,3,43
"1328",10.050458,0.0674930072719323,1.10724820286536,0.490020986850967,1.2039408436852,"Study2","G8","T1","TurnTaking","Study2_G8_T1_TurnTaking.csv",1.86062708320333,11,49,0.716830347333234,3,43
"1329",10.052124,0.0922703906447458,1.01823250619835,0.391535366121552,1.10565631355082,"Study2","G8","T1","TurnTaking","Study2_G8_T1_TurnTaking.csv",1.86062708320333,11,49,0.716830347333234,3,43
"1330",10.053793,0.0922703906447458,1.01823250619835,0.27142368443561,1.00598745206566,"Study2","G8","T1","TurnTaking","Study2_G8_T1_TurnTaking.csv",1.86062708320333,11,49,0.716830347333234,3,43
"1331",10.055459,0.0922703906447458,1.01823250619835,0.166208755787041,0.914271933683189,"Study2","G8","T1","TurnTaking","Study2_G8_T1_TurnTaking.csv",1.86062708320333,11,49,0.716830347333234,3,43
"1332",10.057125,0.0922703906447458,1.01823250619835,0.0907710875063109,0.855585927938696,"Study2","G8","T1","TurnTaking","Study2_G8_T1_TurnTaking.csv",1.86062708320333,11,49,0.716830347333234,3,43
"1333",10.058792,0.0922703906447458,1.01823250619835,0.0401921517779816,0.825128926352704,"Study2","G8","T1","TurnTaking","Study2_G8_T1_TurnTaking.csv",1.86062708320333,11,49,0.716830347333234,3,43
"1334",10.060458,0.0922703906447458,1.01823250619835,0.0097539712374029,0.807139751579884,"Study2","G8","T1","TurnTaking","Study2_G8_T1_TurnTaking.csv",1.86062708320333,11,49,0.716830347333234,3,43
"1335",10.062124,0.0922703906447458,0.277359233326631,-0.0209639715800583,0.789587816665899,"Study2","G8","T1","TurnTaking","Study2_G8_T1_TurnTaking.csv",1.86062708320333,11,49,0.716830347333234,3,43
"1336",10.063793,0.0922703906447458,-0.525253478951069,-0.119343378998105,0.770863108871171,"Study2","G8","T1","TurnTaking","Study2_G8_T1_TurnTaking.csv",1.86062708320333,11,49,0.716830347333234,3,43
"1337",10.065459,0.0922703906447458,-0.525253478951069,-0.263714382671241,0.742843238035038,"Study2","G8","T1","TurnTaking","Study2_G8_T1_TurnTaking.csv",1.86062708320333,11,49,0.716830347333234,3,43
"1338",10.067123,0.151175193314765,-0.525253478951069,-0.389440468625051,0.697236338971617,"Study2","G8","T1","TurnTaking","Study2_G8_T1_TurnTaking.csv",1.86062708320333,11,49,0.716830347333234,3,43
"1339",10.068792,0.1668334319992,-0.525253478951069,-0.457625605184848,0.647318811257499,"Study2","G8","T1","TurnTaking","Study2_G8_T1_TurnTaking.csv",1.86062708320333,11,49,0.716830347333234,3,43
"1340",10.070458,0.1668334319992,-0.525253478951069,-0.447334117917994,0.586574140454986,"Study2","G8","T1","TurnTaking","Study2_G8_T1_TurnTaking.csv",1.86062708320333,11,49,0.716830347333234,3,43
"1341",10.072125,0.1668334319992,-0.525253478951069,-0.378137490034329,0.532246695691556,"Study2","G8","T1","TurnTaking","Study2_G8_T1_TurnTaking.csv",1.86062708320333,11,49,0.716830347333234,3,43
"1342",10.073792,0.1668334319992,-0.525253478951069,-0.290852107804367,0.524927885343229,"Study2","G8","T1","TurnTaking","Study2_G8_T1_TurnTaking.csv",1.86062708320333,11,49,0.716830347333234,3,43
"1343",10.075459,0.1668334319992,-0.458610971608838,-0.236460696802603,0.585085242443027,"Study2","G8","T1","TurnTaking","Study2_G8_T1_TurnTaking.csv",1.86062708320333,11,49,0.716830347333234,3,43
"1344",10.077123,0.1668334319992,-0.447762191343824,-0.247832467559126,0.655063734316539,"Study2","G8","T1","TurnTaking","Study2_G8_T1_TurnTaking.csv",1.86062708320333,11,49,0.716830347333234,3,43
"1345",10.078792,0.1668334319992,-0.447762191343824,-0.300091321421047,0.67384108208122,"Study2","G8","T1","TurnTaking","Study2_G8_T1_TurnTaking.csv",1.86062708320333,11,49,0.716830347333234,3,43
"1346",10.080459,0.1668334319992,-0.447762191343824,-0.36081519693599,0.643948426622975,"Study2","G8","T1","TurnTaking","Study2_G8_T1_TurnTaking.csv",1.86062708320333,11,49,0.716830347333234,3,43
"1347",10.082126,0.1668334319992,-0.447762191343824,-0.413039878793727,0.61372395390155,"Study2","G8","T1","TurnTaking","Study2_G8_T1_TurnTaking.csv",1.86062708320333,11,49,0.716830347333234,3,43
"1348",10.083792,0.0147184728314516,-0.447762191343824,-0.54736532159078,0.600170374212166,"Study2","G8","T1","TurnTaking","Study2_G8_T1_TurnTaking.csv",1.86062708320333,11,49,0.716830347333234,3,43
"1349",10.085458,-0.0257171492257975,-0.447762191343824,-0.771754946774481,0.533183801281338,"Study2","G8","T1","TurnTaking","Study2_G8_T1_TurnTaking.csv",1.86062708320333,11,49,0.716830347333234,3,43
"1350",10.087124,-0.0257171492257975,-0.447762191343824,-1.01717312701859,0.447074511026861,"Study2","G8","T1","TurnTaking","Study2_G8_T1_TurnTaking.csv",1.86062708320333,11,49,0.716830347333234,3,43
"1351",10.088792,-0.0257171492257975,-0.447762191343824,-1.17360740836572,0.398813359169487,"Study2","G8","T1","TurnTaking","Study2_G8_T1_TurnTaking.csv",1.86062708320333,11,49,0.716830347333234,3,43
"1352",10.090459,-0.0257171492257975,-0.447762191343824,-1.37163518097032,0.420932560419665,"Study2","G8","T1","TurnTaking","Study2_G8_T1_TurnTaking.csv",1.86062708320333,11,49,0.716830347333234,3,43
"1353",10.092126,-0.0257171492257975,-0.447762191343824,-1.66364593658574,0.461999297738468,"Study2","G8","T1","TurnTaking","Study2_G8_T1_TurnTaking.csv",1.86062708320333,11,49,0.716830347333234,3,43
"1354",10.093792,-0.0257171492257975,-0.447762191343824,-1.83415527431879,0.473801635500594,"Study2","G8","T1","TurnTaking","Study2_G8_T1_TurnTaking.csv",1.86062708320333,11,49,0.716830347333234,3,43
"1355",10.095457,-0.0257171492257975,-0.447762191343824,-1.81221483092377,0.456500061419319,"Study2","G8","T1","TurnTaking","Study2_G8_T1_TurnTaking.csv",1.86062708320333,11,49,0.716830347333234,3,43
"1356",10.097125,-0.0257171492257975,-0.447762191343824,-1.76125552157509,0.419848519412396,"Study2","G8","T1","TurnTaking","Study2_G8_T1_TurnTaking.csv",1.86062708320333,11,49,0.716830347333234,3,43
"1357",10.098792,-0.0257171492257975,-0.447762191343824,-1.7121705186461,0.355342872545184,"Study2","G8","T1","TurnTaking","Study2_G8_T1_TurnTaking.csv",1.86062708320333,11,49,0.716830347333234,3,43
"1358",10.100459,-0.274733658775176,-0.447762191343824,-1.62708771815471,0.255337058190021,"Study2","G8","T1","TurnTaking","Study2_G8_T1_TurnTaking.csv",1.86062708320333,11,49,0.716830347333234,3,43
"1359",10.102124,-0.340927920807289,-0.447762191343824,-1.57581335413139,0.164209852100476,"Study2","G8","T1","TurnTaking","Study2_G8_T1_TurnTaking.csv",1.86062708320333,11,49,0.716830347333234,3,43
"1360",10.103792,-0.340927920807289,-0.447762191343824,-1.52478984623058,0.147971919254915,"Study2","G8","T1","TurnTaking","Study2_G8_T1_TurnTaking.csv",1.86062708320333,11,49,0.716830347333234,3,43
"1361",10.105457,-0.340927920807289,-0.447762191343824,-1.5123308455442,0.164945955745365,"Study2","G8","T1","TurnTaking","Study2_G8_T1_TurnTaking.csv",1.86062708320333,11,49,0.716830347333234,3,43
"1362",10.107125,-0.340927920807289,-0.447762191343824,-1.58004317601331,0.294941146153972,"Study2","G8","T1","TurnTaking","Study2_G8_T1_TurnTaking.csv",1.86062708320333,11,49,0.716830347333234,3,43
"1363",10.108792,-0.340927920807289,-0.447762191343824,-1.58329859159885,0.297292255489517,"Study2","G8","T1","TurnTaking","Study2_G8_T1_TurnTaking.csv",1.86062708320333,11,49,0.716830347333234,3,43
"1364",10.11046,-0.340927920807289,-0.447762191343824,-1.54069248862392,0.246348319689163,"Study2","G8","T1","TurnTaking","Study2_G8_T1_TurnTaking.csv",1.86062708320333,11,49,0.716830347333234,3,43
"1365",10.112123,-0.340927920807289,-1.17327140795547,-1.52493426496302,0.122951670771703,"Study2","G8","T1","TurnTaking","Study2_G8_T1_TurnTaking.csv",1.86062708320333,11,49,0.716830347333234,3,43
"1366",10.113792,-0.340927920807289,-1.75482034687817,-1.50955014071842,-0.00697047989539744,"Study2","G8","T1","TurnTaking","Study2_G8_T1_TurnTaking.csv",1.86062708320333,11,49,0.716830347333234,3,43
"1367",10.115459,-0.340927920807289,-1.75482034687817,-1.47701312688476,0.0414276214773058,"Study2","G8","T1","TurnTaking","Study2_G8_T1_TurnTaking.csv",1.86062708320333,11,49,0.716830347333234,3,43
"1368",10.117125,-0.608765617306045,-1.75482034687817,-1.48029890513631,0.317279323972931,"Study2","G8","T1","TurnTaking","Study2_G8_T1_TurnTaking.csv",1.86062708320333,11,49,0.716830347333234,3,43
"1369",10.118792,-0.679962979666474,-1.75482034687817,-1.45691539481047,0.740610675623699,"Study2","G8","T1","TurnTaking","Study2_G8_T1_TurnTaking.csv",1.86062708320333,11,49,0.716830347333234,3,43
"1370",10.120459,-0.679962979666474,-1.75482034687817,-1.32474760596945,1.19504254892676,"Study2","G8","T1","TurnTaking","Study2_G8_T1_TurnTaking.csv",1.86062708320333,11,49,0.716830347333234,3,43
"1371",10.122124,-0.679962979666474,-1.75482034687817,-1.03169678899388,1.56424660182452,"Study2","G8","T1","TurnTaking","Study2_G8_T1_TurnTaking.csv",1.86062708320333,11,49,0.716830347333234,3,43
"1372",10.123791,-0.679962979666474,-1.75482034687817,-0.576753133150271,1.82007571455619,"Study2","G8","T1","TurnTaking","Study2_G8_T1_TurnTaking.csv",1.86062708320333,11,49,0.716830347333234,3,43
"1373",10.12546,-0.679962979666474,-1.75482034687817,-0.0731024951715062,1.97217455673876,"Study2","G8","T1","TurnTaking","Study2_G8_T1_TurnTaking.csv",1.86062708320333,11,49,0.716830347333234,3,43
"1374",10.127125,-0.679962979666474,-1.66799054023804,0.376367701916577,2.03393693362706,"Study2","G8","T1","TurnTaking","Study2_G8_T1_TurnTaking.csv",1.86062708320333,11,49,0.716830347333234,3,43
"1375",10.128792,-0.679962979666474,-0.669447763876503,0.699158470153775,2.02658887885098,"Study2","G8","T1","TurnTaking","Study2_G8_T1_TurnTaking.csv",1.86062708320333,11,49,0.716830347333234,3,43
"1376",10.130457,-0.679962979666474,-0.669447763876503,0.830368434523404,1.96294444471714,"Study2","G8","T1","TurnTaking","Study2_G8_T1_TurnTaking.csv",1.86062708320333,11,49,0.716830347333234,3,43
"1377",10.132124,-0.679962979666474,0.709088468672277,0.74642865956216,1.83753749103926,"Study2","G8","T1","TurnTaking","Study2_G8_T1_TurnTaking.csv",1.86062708320333,11,49,0.716830347333234,3,43
"1378",10.133792,-0.649565581497185,2.03356445680738,0.473691362464354,1.64982293021518,"Study2","G8","T1","TurnTaking","Study2_G8_T1_TurnTaking.csv",1.86062708320333,11,49,0.716830347333234,3,43
"1379",10.135459,-0.641485260464843,2.03356445680738,0.0849863834143088,1.42755828916574,"Study2","G8","T1","TurnTaking","Study2_G8_T1_TurnTaking.csv",1.86062708320333,11,49,0.716830347333234,3,43
"1380",10.137125,-0.641485260464843,2.03356445680738,-0.312957361094985,1.22230420447751,"Study2","G8","T1","TurnTaking","Study2_G8_T1_TurnTaking.csv",1.86062708320333,11,49,0.716830347333234,3,43
"1381",10.138792,-0.641485260464843,1.89341733399568,-0.661921419671794,1.05672382375685,"Study2","G8","T1","TurnTaking","Study2_G8_T1_TurnTaking.csv",1.86062708320333,11,49,0.716830347333234,3,43
"1382",10.140457,-0.641485260464843,1.09925030472939,-0.933597816088863,0.932574951095301,"Study2","G8","T1","TurnTaking","Study2_G8_T1_TurnTaking.csv",1.86062708320333,11,49,0.716830347333234,3,43
"1383",10.142125,-0.641485260464843,1.09925030472939,-1.12695881331542,0.81979602663238,"Study2","G8","T1","TurnTaking","Study2_G8_T1_TurnTaking.csv",1.86062708320333,11,49,0.716830347333234,3,43
"1384",10.143793,-0.641485260464843,1.09925030472939,-1.27416430070616,0.705634197376133,"Study2","G8","T1","TurnTaking","Study2_G8_T1_TurnTaking.csv",1.86062708320333,11,49,0.716830347333234,3,43
"1385",10.145459,-0.641485260464843,1.09925030472939,-1.39795905220706,0.626944289770302,"Study2","G8","T1","TurnTaking","Study2_G8_T1_TurnTaking.csv",1.86062708320333,11,49,0.716830347333234,3,43
"1386",10.147124,-0.641485260464843,1.09925030472939,-1.50530765838905,0.582107589074857,"Study2","G8","T1","TurnTaking","Study2_G8_T1_TurnTaking.csv",1.86062708320333,11,49,0.716830347333234,3,43
"1387",10.148792,-0.641485260464843,1.09925030472939,-1.58317209916369,0.559317477855317,"Study2","G8","T1","TurnTaking","Study2_G8_T1_TurnTaking.csv",1.86062708320333,11,49,0.716830347333234,3,43
"1388",10.150458,-0.63124779476016,-0.0118717228122768,-1.64149620367,0.536853049701916,"Study2","G8","T1","TurnTaking","Study2_G8_T1_TurnTaking.csv",1.86062708320333,11,49,0.716830347333234,3,43
"1389",10.152125,-0.628526443117143,-0.0581684739598463,-1.70324635970406,0.507362968756437,"Study2","G8","T1","TurnTaking","Study2_G8_T1_TurnTaking.csv",1.86062708320333,11,49,0.716830347333234,3,43
"1390",10.153793,-0.628526443117143,-0.0581684739598463,-1.75335764315217,0.47644262131025,"Study2","G8","T1","TurnTaking","Study2_G8_T1_TurnTaking.csv",1.86062708320333,11,49,0.716830347333234,3,43
"1391",10.155458,-0.628526443117143,0.520126730528846,-1.76311268597301,0.446221857638198,"Study2","G8","T1","TurnTaking","Study2_G8_T1_TurnTaking.csv",1.86062708320333,11,49,0.716830347333234,3,43
"1392",10.157124,-0.628526443117143,2.0071715420712,-1.67787975274193,0.436007991598134,"Study2","G8","T1","TurnTaking","Study2_G8_T1_TurnTaking.csv",1.86062708320333,11,49,0.716830347333234,3,43
"1393",10.158791,-0.628526443117143,2.0071715420712,-1.47338260352869,0.449939894323611,"Study2","G8","T1","TurnTaking","Study2_G8_T1_TurnTaking.csv",1.86062708320333,11,49,0.716830347333234,3,43
"1394",10.160459,-0.628526443117143,2.0071715420712,-1.13117507843502,0.481567671609915,"Study2","G8","T1","TurnTaking","Study2_G8_T1_TurnTaking.csv",1.86062708320333,11,49,0.716830347333234,3,43
"1395",10.162125,-0.628526443117143,1.95652100377974,-0.651318462989748,0.502655614478524,"Study2","G8","T1","TurnTaking","Study2_G8_T1_TurnTaking.csv",1.86062708320333,11,49,0.716830347333234,3,43
"1396",10.163792,-0.628526443117143,1.8920566823179,-0.135013651762991,0.484950467294265,"Study2","G8","T1","TurnTaking","Study2_G8_T1_TurnTaking.csv",1.86062708320333,11,49,0.716830347333234,3,43
"1397",10.165458,-0.628526443117143,1.8920566823179,0.339597953177683,0.491890241327772,"Study2","G8","T1","TurnTaking","Study2_G8_T1_TurnTaking.csv",1.86062708320333,11,49,0.716830347333234,3,43
"1398",10.167124,-0.729247355703981,1.8920566823179,0.718462627455469,0.603091678561008,"Study2","G8","T1","TurnTaking","Study2_G8_T1_TurnTaking.csv",1.86062708320333,11,49,0.716830347333234,3,43
"1399",10.168791,-0.756021269176432,1.8920566823179,0.946621032562992,0.756740190102959,"Study2","G8","T1","TurnTaking","Study2_G8_T1_TurnTaking.csv",1.86062708320333,11,49,0.716830347333234,3,43
"1400",10.170459,-0.756021269176432,1.8920566823179,1.01297118851775,0.875826495681211,"Study2","G8","T1","TurnTaking","Study2_G8_T1_TurnTaking.csv",1.86062708320333,11,49,0.716830347333234,3,43
"1401",10.172126,-0.756021269176432,1.8920566823179,0.956382573666588,0.93377568450209,"Study2","G8","T1","TurnTaking","Study2_G8_T1_TurnTaking.csv",1.86062708320333,11,49,0.716830347333234,3,43
"1402",10.173791,-0.756021269176432,0.545628747706213,0.814479348892378,0.934135604947061,"Study2","G8","T1","TurnTaking","Study2_G8_T1_TurnTaking.csv",1.86062708320333,11,49,0.716830347333234,3,43
"1403",10.175458,-0.756021269176432,-0.211736965512859,0.604087584976955,0.920078735788846,"Study2","G8","T1","TurnTaking","Study2_G8_T1_TurnTaking.csv",1.86062708320333,11,49,0.716830347333234,3,43
"1404",10.177124,-0.756021269176432,-0.211736965512859,0.284890927304483,0.90240896722938,"Study2","G8","T1","TurnTaking","Study2_G8_T1_TurnTaking.csv",1.86062708320333,11,49,0.716830347333234,3,43
"1405",10.178793,-0.756021269176432,1.26615671172081,-0.112310332379461,0.881276230456801,"Study2","G8","T1","TurnTaking","Study2_G8_T1_TurnTaking.csv",1.86062708320333,11,49,0.716830347333234,3,43
"1406",10.180459,-0.756021269176432,1.99407449304486,-0.482572288633265,0.860139784634846,"Study2","G8","T1","TurnTaking","Study2_G8_T1_TurnTaking.csv",1.86062708320333,11,49,0.716830347333234,3,43
"1407",10.182125,-0.756021269176432,1.99407449304486,-0.762000688229154,0.843998144417251,"Study2","G8","T1","TurnTaking","Study2_G8_T1_TurnTaking.csv",1.86062708320333,11,49,0.716830347333234,3,43
"1408",10.183792,-0.604024434612969,1.99407449304486,-0.944382276530841,0.810784748523789,"Study2","G8","T1","TurnTaking","Study2_G8_T1_TurnTaking.csv",1.86062708320333,11,49,0.716830347333234,3,43
"1409",10.185458,-0.563620212766984,1.98248447447954,-1.0542540090546,0.736164666670871,"Study2","G8","T1","TurnTaking","Study2_G8_T1_TurnTaking.csv",1.86062708320333,11,49,0.716830347333234,3,43
"1410",10.187124,-0.563620212766984,1.98105200027484,-1.1332056797591,0.652269393580865,"Study2","G8","T1","TurnTaking","Study2_G8_T1_TurnTaking.csv",1.86062708320333,11,49,0.716830347333234,3,43
"1411",10.188793,-0.563620212766984,1.98105200027484,-1.23542568432943,0.56514696222445,"Study2","G8","T1","TurnTaking","Study2_G8_T1_TurnTaking.csv",1.86062708320333,11,49,0.716830347333234,3,43
"1412",10.190459,-0.563620212766984,1.98105200027484,-1.36897122115557,0.478737952249448,"Study2","G8","T1","TurnTaking","Study2_G8_T1_TurnTaking.csv",1.86062708320333,11,49,0.716830347333234,3,43
"1413",10.192123,-0.563620212766984,1.98105200027484,-1.51473756299302,0.411123551384288,"Study2","G8","T1","TurnTaking","Study2_G8_T1_TurnTaking.csv",1.86062708320333,11,49,0.716830347333234,3,43
"1414",10.193792,-0.563620212766984,1.98105200027484,-1.64589677353348,0.376605140734346,"Study2","G8","T1","TurnTaking","Study2_G8_T1_TurnTaking.csv",1.86062708320333,11,49,0.716830347333234,3,43
"1415",10.195458,-0.563620212766984,1.98105200027484,-1.74636941227672,0.336822162465998,"Study2","G8","T1","TurnTaking","Study2_G8_T1_TurnTaking.csv",1.86062708320333,11,49,0.716830347333234,3,43
"1416",10.197125,-0.563620212766984,-0.157932399354178,-1.80712432269382,0.281049757660112,"Study2","G8","T1","TurnTaking","Study2_G8_T1_TurnTaking.csv",1.86062708320333,11,49,0.716830347333234,3,43
"1417",10.198792,-0.563620212766984,-0.24705674933872,-1.80375283433341,0.229081553609699,"Study2","G8","T1","TurnTaking","Study2_G8_T1_TurnTaking.csv",1.86062708320333,11,49,0.716830347333234,3,43
"1418",10.200459,-0.537701705843495,-0.224250537277259,-1.73042878854102,0.175324874482549,"Study2","G8","T1","TurnTaking","Study2_G8_T1_TurnTaking.csv",1.86062708320333,11,49,0.716830347333234,3,43
"1419",10.202123,-0.530811976154972,2.03356445680738,-1.60063040804262,0.0878711964859344,"Study2","G8","T1","TurnTaking","Study2_G8_T1_TurnTaking.csv",1.86062708320333,11,49,0.716830347333234,3,43
"1420",10.203792,-0.530811976154972,2.03356445680738,-1.41102060056068,-0.0528037736263455,"Study2","G8","T1","TurnTaking","Study2_G8_T1_TurnTaking.csv",1.86062708320333,11,49,0.716830347333234,3,43
"1421",10.205459,-0.530811976154972,2.03356445680738,-1.1692274537441,-0.194205004137098,"Study2","G8","T1","TurnTaking","Study2_G8_T1_TurnTaking.csv",1.86062708320333,11,49,0.716830347333234,3,43
"1422",10.207126,-0.530811976154972,2.00862538906938,-0.867311186450082,-0.276364870087555,"Study2","G8","T1","TurnTaking","Study2_G8_T1_TurnTaking.csv",1.86062708320333,11,49,0.716830347333234,3,43
"1423",10.208792,-0.530811976154972,1.86730400522069,-0.51114960747711,-0.306453677195359,"Study2","G8","T1","TurnTaking","Study2_G8_T1_TurnTaking.csv",1.86062708320333,11,49,0.716830347333234,3,43
"1424",10.210458,-0.530811976154972,1.86730400522069,-0.140740431506916,-0.315833577749374,"Study2","G8","T1","TurnTaking","Study2_G8_T1_TurnTaking.csv",1.86062708320333,11,49,0.716830347333234,3,43
"1425",10.212124,-0.530811976154972,1.86730400522069,0.202817840086588,-0.319917383765311,"Study2","G8","T1","TurnTaking","Study2_G8_T1_TurnTaking.csv",1.86062708320333,11,49,0.716830347333234,3,43
"1426",10.213792,-0.530811976154972,1.86730400522069,0.4801089768896,-0.355337521380242,"Study2","G8","T1","TurnTaking","Study2_G8_T1_TurnTaking.csv",1.86062708320333,11,49,0.716830347333234,3,43
"1427",10.215459,-0.530811976154972,1.86730400522069,0.646318692220713,-0.414049347814603,"Study2","G8","T1","TurnTaking","Study2_G8_T1_TurnTaking.csv",1.86062708320333,11,49,0.716830347333234,3,43
"1428",10.217126,-0.483719633913432,1.86730400522069,0.67454656030701,-0.418825319505925,"Study2","G8","T1","TurnTaking","Study2_G8_T1_TurnTaking.csv",1.86062708320333,11,49,0.716830347333234,3,43
"1429",10.218792,-0.471201416355554,1.18122048487862,0.586253384051992,-0.377353154559452,"Study2","G8","T1","TurnTaking","Study2_G8_T1_TurnTaking.csv",1.86062708320333,11,49,0.716830347333234,3,43
"1430",10.220457,-0.471201416355554,-0.211736965512859,0.417657902631997,-0.318423492802273,"Study2","G8","T1","TurnTaking","Study2_G8_T1_TurnTaking.csv",1.86062708320333,11,49,0.716830347333234,3,43
"1431",10.222125,-0.471201416355554,-0.211736965512859,0.222969799210137,-0.277095695469874,"Study2","G8","T1","TurnTaking","Study2_G8_T1_TurnTaking.csv",1.86062708320333,11,49,0.716830347333234,3,43
"1432",10.223792,-0.471201416355554,-0.211736965512859,0.0641153556912268,-0.257705355968355,"Study2","G8","T1","TurnTaking","Study2_G8_T1_TurnTaking.csv",1.86062708320333,11,49,0.716830347333234,3,43
"1433",10.225459,-0.471201416355554,-0.211736965512859,-0.09906459132132,-0.25572800468506,"Study2","G8","T1","TurnTaking","Study2_G8_T1_TurnTaking.csv",1.86062708320333,11,49,0.716830347333234,3,43
"1434",10.227124,-0.471201416355554,-0.211736965512859,-0.358415313888002,-0.266305357563725,"Study2","G8","T1","TurnTaking","Study2_G8_T1_TurnTaking.csv",1.86062708320333,11,49,0.716830347333234,3,43
"1435",10.228792,-0.471201416355554,-0.211736965512859,-0.654840196129217,-0.2928685705863,"Study2","G8","T1","TurnTaking","Study2_G8_T1_TurnTaking.csv",1.86062708320333,11,49,0.716830347333234,3,43
"1436",10.230457,-0.471201416355554,-0.217000338983807,-0.923973635238154,-0.325708493739003,"Study2","G8","T1","TurnTaking","Study2_G8_T1_TurnTaking.csv",1.86062708320333,11,49,0.716830347333234,3,43
"1437",10.232125,-0.471201416355554,-0.221483953422023,-1.13002297771689,-0.354357048443939,"Study2","G8","T1","TurnTaking","Study2_G8_T1_TurnTaking.csv",1.86062708320333,11,49,0.716830347333234,3,43
"1438",10.233792,-0.386063107817287,-0.221483953422023,-1.2554445406957,-0.387405534296026,"Study2","G8","T1","TurnTaking","Study2_G8_T1_TurnTaking.csv",1.86062708320333,11,49,0.716830347333234,3,43
"1439",10.23546,-0.363431405547621,1.1247717065334,-1.32568111790016,-0.419312488875556,"Study2","G8","T1","TurnTaking","Study2_G8_T1_TurnTaking.csv",1.86062708320333,11,49,0.716830347333234,3,43
"1440",10.237123,-0.363431405547621,2.06030530073971,-1.39797933133086,-0.440474042108653,"Study2","G8","T1","TurnTaking","Study2_G8_T1_TurnTaking.csv",1.86062708320333,11,49,0.716830347333234,3,43
"1441",10.238792,-0.363431405547621,2.06030530073971,-1.51566054322408,-0.443628303289299,"Study2","G8","T1","TurnTaking","Study2_G8_T1_TurnTaking.csv",1.86062708320333,11,49,0.716830347333234,3,43
"1442",10.240459,-0.363431405547621,2.06030530073971,-1.64174235413949,-0.440814133405052,"Study2","G8","T1","TurnTaking","Study2_G8_T1_TurnTaking.csv",1.86062708320333,11,49,0.716830347333234,3,43
"1443",10.242125,-0.363431405547621,1.93103444459952,-1.73090383541887,-0.43333483534345,"Study2","G8","T1","TurnTaking","Study2_G8_T1_TurnTaking.csv",1.86062708320333,11,49,0.716830347333234,3,43
"1444",10.243792,-0.363431405547621,1.9045572812937,-1.79351994365078,-0.423586454999755,"Study2","G8","T1","TurnTaking","Study2_G8_T1_TurnTaking.csv",1.86062708320333,11,49,0.716830347333234,3,43
"1445",10.245459,-0.363431405547621,1.9045572812937,-1.82096756964809,-0.431955354288009,"Study2","G8","T1","TurnTaking","Study2_G8_T1_TurnTaking.csv",1.86062708320333,11,49,0.716830347333234,3,43
"1446",10.247124,-0.363431405547621,1.9045572812937,-1.78976886594552,-0.46643481991953,"Study2","G8","T1","TurnTaking","Study2_G8_T1_TurnTaking.csv",1.86062708320333,11,49,0.716830347333234,3,43
"1447",10.248791,-0.363431405547621,1.9045572812937,-1.68581169112967,-0.514623360002631,"Study2","G8","T1","TurnTaking","Study2_G8_T1_TurnTaking.csv",1.86062708320333,11,49,0.716830347333234,3,43
"1448",10.25046,-0.303532387458204,1.9045572812937,-1.52674549322417,-0.560609152725126,"Study2","G8","T1","TurnTaking","Study2_G8_T1_TurnTaking.csv",1.86062708320333,11,49,0.716830347333234,3,43
"1449",10.252125,-0.287609863662283,1.82016735299362,-1.26121255092336,-0.613918606091283,"Study2","G8","T1","TurnTaking","Study2_G8_T1_TurnTaking.csv",1.86062708320333,11,49,0.716830347333234,3,43
"1450",10.253792,-0.287609863662283,-0.205190926208236,-0.790184300769048,-0.687035524357731,"Study2","G8","T1","TurnTaking","Study2_G8_T1_TurnTaking.csv",1.86062708320333,11,49,0.716830347333234,3,43
"1451",10.255457,-0.287609863662283,-0.205190926208236,-0.156123547397292,-0.745476447532084,"Study2","G8","T1","TurnTaking","Study2_G8_T1_TurnTaking.csv",1.86062708320333,11,49,0.716830347333234,3,43
"1452",10.257124,-0.287609863662283,-0.0557445506586421,0.535044899171158,-0.772490452709281,"Study2","G8","T1","TurnTaking","Study2_G8_T1_TurnTaking.csv",1.86062708320333,11,49,0.716830347333234,3,43
"1453",10.258792,-0.287609863662283,1.92975729592881,1.10116016816984,-0.778044183523071,"Study2","G8","T1","TurnTaking","Study2_G8_T1_TurnTaking.csv",1.86062708320333,11,49,0.716830347333234,3,43
"1454",10.260459,-0.287609863662283,1.92975729592881,1.40319598145883,-0.782490763098881,"Study2","G8","T1","TurnTaking","Study2_G8_T1_TurnTaking.csv",1.86062708320333,11,49,0.716830347333234,3,43
"1455",10.262125,-0.287609863662283,1.92975729592881,1.52432688518434,-0.789250933549265,"Study2","G8","T1","TurnTaking","Study2_G8_T1_TurnTaking.csv",1.86062708320333,11,49,0.716830347333234,3,43
"1456",10.263792,-0.287609863662283,1.65540543245473,1.56182052021516,-0.807013998966048,"Study2","G8","T1","TurnTaking","Study2_G8_T1_TurnTaking.csv",1.86062708320333,11,49,0.716830347333234,3,43
"1457",10.265457,-0.287609863662283,1.29172970645419,1.57140806419581,-0.834035136930502,"Study2","G8","T1","TurnTaking","Study2_G8_T1_TurnTaking.csv",1.86062708320333,11,49,0.716830347333234,3,43
"1458",10.267125,-0.0921825495901082,1.29172970645419,1.49327383264715,-0.856578311055216,"Study2","G8","T1","TurnTaking","Study2_G8_T1_TurnTaking.csv",1.86062708320333,11,49,0.716830347333234,3,43
"1459",10.268793,-0.0402335167354803,1.29172970645419,1.30669681854645,-0.869087793345969,"Study2","G8","T1","TurnTaking","Study2_G8_T1_TurnTaking.csv",1.86062708320333,11,49,0.716830347333234,3,43
"1460",10.270459,-0.0402335167354803,1.48738619878152,1.06325870987597,-0.873078159848842,"Study2","G8","T1","TurnTaking","Study2_G8_T1_TurnTaking.csv",1.86062708320333,11,49,0.716830347333234,3,43
"1461",10.272124,-0.0402335167354803,1.80661521257873,0.851204618006153,-0.857144369051906,"Study2","G8","T1","TurnTaking","Study2_G8_T1_TurnTaking.csv",1.86062708320333,11,49,0.716830347333234,3,43
"1462",10.273792,-0.0402335167354803,1.80661521257873,0.712126913800908,-0.836378257544319,"Study2","G8","T1","TurnTaking","Study2_G8_T1_TurnTaking.csv",1.86062708320333,11,49,0.716830347333234,3,43
"1463",10.275458,-0.0402335167354803,1.80661521257873,0.611217545640255,-0.832086459451979,"Study2","G8","T1","TurnTaking","Study2_G8_T1_TurnTaking.csv",1.86062708320333,11,49,0.716830347333234,3,43
"1464",10.277125,-0.0402335167354803,1.80661521257873,0.504504650775458,-1.06153296133442,"Study2","G8","T1","TurnTaking","Study2_G8_T1_TurnTaking.csv",1.86062708320333,11,49,0.716830347333234,3,43
"1465",10.278793,-0.0402335167354803,1.80661521257873,0.447180945696573,-1.19543820306139,"Study2","G8","T1","TurnTaking","Study2_G8_T1_TurnTaking.csv",1.86062708320333,11,49,0.716830347333234,3,43
"1466",10.280458,-0.0402335167354803,1.80661521257873,0.495033515687753,-0.758225163507425,"Study2","G8","T1","TurnTaking","Study2_G8_T1_TurnTaking.csv",1.86062708320333,11,49,0.716830347333234,3,43
"1467",10.282124,-0.0402335167354803,1.80661521257873,0.672885576824917,-0.115511672793384,"Study2","G8","T1","TurnTaking","Study2_G8_T1_TurnTaking.csv",1.86062708320333,11,49,0.716830347333234,3,43
"1468",10.283791,0.159525032827138,1.80661521257873,0.877368497039694,0.388699352151015,"Study2","G8","T1","TurnTaking","Study2_G8_T1_TurnTaking.csv",1.86062708320333,11,49,0.716830347333234,3,43
"1469",10.285459,0.212625406761504,1.80661521257873,1.01316412029219,0.674589026152955,"Study2","G8","T1","TurnTaking","Study2_G8_T1_TurnTaking.csv",1.86062708320333,11,49,0.716830347333234,3,43
"1470",10.287125,0.212625406761504,1.80661521257873,1.06830832374024,0.712281527132118,"Study2","G8","T1","TurnTaking","Study2_G8_T1_TurnTaking.csv",1.86062708320333,11,49,0.716830347333234,3,43
"1471",10.288792,0.212625406761504,1.80661521257873,1.08330871318375,0.550692654160293,"Study2","G8","T1","TurnTaking","Study2_G8_T1_TurnTaking.csv",1.86062708320333,11,49,0.716830347333234,3,43
"1472",10.290458,0.212625406761504,1.80661521257873,1.01762563956642,0.0882246974223757,"Study2","G8","T1","TurnTaking","Study2_G8_T1_TurnTaking.csv",1.86062708320333,11,49,0.716830347333234,3,43
"1473",10.292124,0.212625406761504,1.80661521257873,0.841822890326118,-0.609752915677641,"Study2","G8","T1","TurnTaking","Study2_G8_T1_TurnTaking.csv",1.86062708320333,11,49,0.716830347333234,3,43
"1474",10.293791,0.212625406761504,1.80661521257873,0.588387173624772,-1.10727110368336,"Study2","G8","T1","TurnTaking","Study2_G8_T1_TurnTaking.csv",1.86062708320333,11,49,0.716830347333234,3,43
"1475",10.295459,0.212625406761504,1.80661521257873,0.376094774040531,-1.1513811160131,"Study2","G8","T1","TurnTaking","Study2_G8_T1_TurnTaking.csv",1.86062708320333,11,49,0.716830347333234,3,43
"1476",10.297126,0.212625406761504,1.80661521257873,0.232673976162447,-0.751825056157758,"Study2","G8","T1","TurnTaking","Study2_G8_T1_TurnTaking.csv",1.86062708320333,11,49,0.716830347333234,3,43
"1477",10.298791,0.212625406761504,1.80661521257873,0.115611781722076,-0.160091735803335,"Study2","G8","T1","TurnTaking","Study2_G8_T1_TurnTaking.csv",1.86062708320333,11,49,0.716830347333234,3,43
"1478",10.300458,0.321930040593038,1.80661521257873,-0.0745039955005112,0.394489035567257,"Study2","G8","T1","TurnTaking","Study2_G8_T1_TurnTaking.csv",1.86062708320333,11,49,0.716830347333234,3,43
"1479",10.302124,0.350985702750786,1.80661521257873,-0.385683340794461,0.828586188336013,"Study2","G8","T1","TurnTaking","Study2_G8_T1_TurnTaking.csv",1.86062708320333,11,49,0.716830347333234,3,43
"1480",10.303793,0.350985702750786,1.80661521257873,-0.635501306626547,1.1637360323785,"Study2","G8","T1","TurnTaking","Study2_G8_T1_TurnTaking.csv",1.86062708320333,11,49,0.716830347333234,3,43
"1481",10.305459,0.350985702750786,1.80661521257873,-0.663323144079515,1.45213944326543,"Study2","G8","T1","TurnTaking","Study2_G8_T1_TurnTaking.csv",1.86062708320333,11,49,0.716830347333234,3,43
"1482",10.307125,0.350985702750786,-0.305464120537382,-0.56979873816093,1.70396435188696,"Study2","G8","T1","TurnTaking","Study2_G8_T1_TurnTaking.csv",1.86062708320333,11,49,0.716830347333234,3,43
"1483",10.308792,0.350985702750786,-2.3349500826098,-0.524951848026351,1.91017579928078,"Study2","G8","T1","TurnTaking","Study2_G8_T1_TurnTaking.csv",1.86062708320333,11,49,0.716830347333234,3,43
"1484",10.310458,0.350985702750786,-1.78220983024046,-0.537771615445441,2.05953650709126,"Study2","G8","T1","TurnTaking","Study2_G8_T1_TurnTaking.csv",1.86062708320333,11,49,0.716830347333234,3,43
"1485",10.312124,0.350985702750786,-1.78220983024046,-0.611198065211025,2.11437095037289,"Study2","G8","T1","TurnTaking","Study2_G8_T1_TurnTaking.csv",1.86062708320333,11,49,0.716830347333234,3,43
"1486",10.313793,0.350985702750786,-1.47480861976204,-0.788372960468542,2.06544359618574,"Study2","G8","T1","TurnTaking","Study2_G8_T1_TurnTaking.csv",1.86062708320333,11,49,0.716830347333234,3,43
"1487",10.315459,0.350985702750786,2.06030530073971,-0.969519763005902,1.90638786128025,"Study2","G8","T1","TurnTaking","Study2_G8_T1_TurnTaking.csv",1.86062708320333,11,49,0.716830347333234,3,43
"1488",10.317123,1.16186189258081,2.06030530073971,-1.03326018619517,1.66551320765517,"Study2","G8","T1","TurnTaking","Study2_G8_T1_TurnTaking.csv",1.86062708320333,11,49,0.716830347333234,3,43
"1489",10.318792,1.37741125949765,2.06030530073971,-0.956226517259977,1.33995724778441,"Study2","G8","T1","TurnTaking","Study2_G8_T1_TurnTaking.csv",1.86062708320333,11,49,0.716830347333234,3,43
"1490",10.320458,1.37741125949765,2.06030530073971,-0.711235655127216,0.972021119149388,"Study2","G8","T1","TurnTaking","Study2_G8_T1_TurnTaking.csv",1.86062708320333,11,49,0.716830347333234,3,43
"1491",10.322125,1.37741125949765,2.06030530073971,-0.43807507333495,0.644481103175303,"Study2","G8","T1","TurnTaking","Study2_G8_T1_TurnTaking.csv",1.86062708320333,11,49,0.716830347333234,3,43
"1492",10.323792,1.37741125949765,2.06030530073971,-0.177766638336232,0.346344290797911,"Study2","G8","T1","TurnTaking","Study2_G8_T1_TurnTaking.csv",1.86062708320333,11,49,0.716830347333234,3,43
"1493",10.325459,1.37741125949765,1.21542982782289,0.00182920336857434,0.0784547760611649,"Study2","G8","T1","TurnTaking","Study2_G8_T1_TurnTaking.csv",1.86062708320333,11,49,0.716830347333234,3,43
"1494",10.327123,1.37741125949765,0.140133771383309,0.0453761008324807,-0.144161796711517,"Study2","G8","T1","TurnTaking","Study2_G8_T1_TurnTaking.csv",1.86062708320333,11,49,0.716830347333234,3,43
"1495",10.328792,1.37741125949765,0.140133771383309,0.0290901717954808,-0.305328123366257,"Study2","G8","T1","TurnTaking","Study2_G8_T1_TurnTaking.csv",1.86062708320333,11,49,0.716830347333234,3,43
"1496",10.330459,1.37741125949765,0.999291489281045,0.00661922204040631,-0.42147572059476,"Study2","G8","T1","TurnTaking","Study2_G8_T1_TurnTaking.csv",1.86062708320333,11,49,0.716830347333234,3,43
"1497",10.332126,1.37741125949765,1.96812891584658,-0.0446246672775499,-0.516655205780567,"Study2","G8","T1","TurnTaking","Study2_G8_T1_TurnTaking.csv",1.86062708320333,11,49,0.716830347333234,3,43
"1498",10.333792,1.58852945850565,1.96812891584658,-0.0910499678873891,-0.616108657090572,"Study2","G8","T1","TurnTaking","Study2_G8_T1_TurnTaking.csv",1.86062708320333,11,49,0.716830347333234,3,43
"1499",10.335458,1.64464948609006,1.96812891584658,-0.128240200336792,-0.663927148170797,"Study2","G8","T1","TurnTaking","Study2_G8_T1_TurnTaking.csv",1.86062708320333,11,49,0.716830347333234,3,43
"1500",10.337124,1.64464948609006,1.96812891584658,-0.161204308203089,-0.684618222756445,"Study2","G8","T1","TurnTaking","Study2_G8_T1_TurnTaking.csv",1.86062708320333,11,49,0.716830347333234,3,43
"1501",10.338792,1.64464948609006,1.61019998608295,-0.28215023494857,-0.693066723950483,"Study2","G8","T1","TurnTaking","Study2_G8_T1_TurnTaking.csv",1.86062708320333,11,49,0.716830347333234,3,43
"1502",10.340459,1.64464948609006,0.41191617774386,-0.478773482161506,-0.703440079113608,"Study2","G8","T1","TurnTaking","Study2_G8_T1_TurnTaking.csv",1.86062708320333,11,49,0.716830347333234,3,43
"1503",10.342126,1.64464948609006,0.41191617774386,-0.581967220792067,-0.725859570707291,"Study2","G8","T1","TurnTaking","Study2_G8_T1_TurnTaking.csv",1.86062708320333,11,49,0.716830347333234,3,43
"1504",10.343792,1.64464948609006,0.41191617774386,-0.517615510865647,-0.774484209403266,"Study2","G8","T1","TurnTaking","Study2_G8_T1_TurnTaking.csv",1.86062708320333,11,49,0.716830347333234,3,43
"1505",10.345457,1.64464948609006,1.30673788085079,-0.307408275772821,-0.849952379661003,"Study2","G8","T1","TurnTaking","Study2_G8_T1_TurnTaking.csv",1.86062708320333,11,49,0.716830347333234,3,43
"1506",10.347125,1.64464948609006,1.69023289646804,0.00388355703654408,-0.926478342268904,"Study2","G8","T1","TurnTaking","Study2_G8_T1_TurnTaking.csv",1.86062708320333,11,49,0.716830347333234,3,43
"1507",10.348792,1.64464948609006,1.69023289646804,0.363258536835817,-0.983840217387068,"Study2","G8","T1","TurnTaking","Study2_G8_T1_TurnTaking.csv",1.86062708320333,11,49,0.716830347333234,3,43
"1508",10.350459,1.53005877621678,1.7344581765901,0.664730568075434,-1.01256323839096,"Study2","G8","T1","TurnTaking","Study2_G8_T1_TurnTaking.csv",1.86062708320333,11,49,0.716830347333234,3,43
"1509",10.352124,1.4995979546049,1.80661521257873,0.825739192330277,-1.02157694164722,"Study2","G8","T1","TurnTaking","Study2_G8_T1_TurnTaking.csv",1.86062708320333,11,49,0.716830347333234,3,43
"1510",10.353792,1.4995979546049,1.80661521257873,0.885197807375521,-1.01374300140322,"Study2","G8","T1","TurnTaking","Study2_G8_T1_TurnTaking.csv",1.86062708320333,11,49,0.716830347333234,3,43
"1511",10.355457,1.4995979546049,1.80661521257873,0.879714153038419,-1.00491960091097,"Study2","G8","T1","TurnTaking","Study2_G8_T1_TurnTaking.csv",1.86062708320333,11,49,0.716830347333234,3,43
"1512",10.357125,1.4995979546049,1.80661521257873,0.865713826904264,-1.00044734330103,"Study2","G8","T1","TurnTaking","Study2_G8_T1_TurnTaking.csv",1.86062708320333,11,49,0.716830347333234,3,43
"1513",10.358792,1.4995979546049,1.80661521257873,0.853649652915409,-1.0051194616099,"Study2","G8","T1","TurnTaking","Study2_G8_T1_TurnTaking.csv",1.86062708320333,11,49,0.716830347333234,3,43
"1514",10.36046,1.4995979546049,1.80661521257873,0.80411313137375,-1.03666963417085,"Study2","G8","T1","TurnTaking","Study2_G8_T1_TurnTaking.csv",1.86062708320333,11,49,0.716830347333234,3,43
"1515",10.362123,1.4995979546049,1.80661521257873,0.703058560205151,-1.08113671383066,"Study2","G8","T1","TurnTaking","Study2_G8_T1_TurnTaking.csv",1.86062708320333,11,49,0.716830347333234,3,43
"1516",10.363792,1.4995979546049,1.80661521257873,0.574129381045974,-1.11907344144549,"Study2","G8","T1","TurnTaking","Study2_G8_T1_TurnTaking.csv",1.86062708320333,11,49,0.716830347333234,3,43
"1517",10.365459,1.4995979546049,1.80661521257873,0.418146842390233,-1.14614864593735,"Study2","G8","T1","TurnTaking","Study2_G8_T1_TurnTaking.csv",1.86062708320333,11,49,0.716830347333234,3,43
"1518",10.367125,1.44705219313221,1.80661521257873,0.215536884122853,-1.15333335988525,"Study2","G8","T1","TurnTaking","Study2_G8_T1_TurnTaking.csv",1.86062708320333,11,49,0.716830347333234,3,43
"1519",10.368792,1.43308433248757,1.80661521257873,0.095794148042747,-1.14003128227453,"Study2","G8","T1","TurnTaking","Study2_G8_T1_TurnTaking.csv",1.86062708320333,11,49,0.716830347333234,3,43
"1520",10.370459,1.43308433248757,1.9030174460799,0.0526715436275212,-1.12098816685667,"Study2","G8","T1","TurnTaking","Study2_G8_T1_TurnTaking.csv",1.86062708320333,11,49,0.716830347333234,3,43
"1521",10.372124,1.43308433248757,-0.0968532301541435,-0.0546903952380694,-1.09767208390482,"Study2","G8","T1","TurnTaking","Study2_G8_T1_TurnTaking.csv",1.86062708320333,11,49,0.716830347333234,3,43
"1522",10.373791,1.43308433248757,-0.815906073785428,-0.275835248575236,-1.07973355192152,"Study2","G8","T1","TurnTaking","Study2_G8_T1_TurnTaking.csv",1.86062708320333,11,49,0.716830347333234,3,43
"1523",10.37546,1.43308433248757,-0.815906073785428,-0.521800180886299,-1.08614821015719,"Study2","G8","T1","TurnTaking","Study2_G8_T1_TurnTaking.csv",1.86062708320333,11,49,0.716830347333234,3,43
"1524",10.377125,1.43308433248757,-0.815906073785428,-0.697261770281545,-1.11771507344033,"Study2","G8","T1","TurnTaking","Study2_G8_T1_TurnTaking.csv",1.86062708320333,11,49,0.716830347333234,3,43
"1525",10.378792,1.43308433248757,-0.815906073785428,-0.738886744598618,-1.16399744745695,"Study2","G8","T1","TurnTaking","Study2_G8_T1_TurnTaking.csv",1.86062708320333,11,49,0.716830347333234,3,43
"1526",10.380457,1.43308433248757,-0.815906073785428,-0.557910465964107,-1.19076080648995,"Study2","G8","T1","TurnTaking","Study2_G8_T1_TurnTaking.csv",1.86062708320333,11,49,0.716830347333234,3,43
"1527",10.382124,1.43308433248757,-0.815906073785428,-0.242802572621853,-1.15738378445682,"Study2","G8","T1","TurnTaking","Study2_G8_T1_TurnTaking.csv",1.86062708320333,11,49,0.716830347333234,3,43
"1528",10.383792,1.10442230849917,-0.815906073785428,0.0237761450463638,-1.06913080632022,"Study2","G8","T1","TurnTaking","Study2_G8_T1_TurnTaking.csv",1.86062708320333,11,49,0.716830347333234,3,43
"1529",10.385459,1.01705645402124,-0.815906073785428,0.121277387976543,-0.957770878554145,"Study2","G8","T1","TurnTaking","Study2_G8_T1_TurnTaking.csv",1.86062708320333,11,49,0.716830347333234,3,43
"1530",10.387125,1.01705645402124,-0.807036414196431,0.117841252906573,-0.851202329299862,"Study2","G8","T1","TurnTaking","Study2_G8_T1_TurnTaking.csv",1.86062708320333,11,49,0.716830347333234,3,43
"1531",10.388792,1.01705645402124,-0.798514584395238,0.0471392642090539,-0.772037663374227,"Study2","G8","T1","TurnTaking","Study2_G8_T1_TurnTaking.csv",1.86062708320333,11,49,0.716830347333234,3,43
"1532",10.390457,1.01705645402124,-0.798514584395238,-0.106538512813626,-0.750134728233672,"Study2","G8","T1","TurnTaking","Study2_G8_T1_TurnTaking.csv",1.86062708320333,11,49,0.716830347333234,3,43
"1533",10.392125,1.01705645402124,-0.798514584395238,-0.256705760632636,-0.793809497885005,"Study2","G8","T1","TurnTaking","Study2_G8_T1_TurnTaking.csv",1.86062708320333,11,49,0.716830347333234,3,43
"1534",10.393793,1.01705645402124,-0.798514584395238,-0.459861910770182,-0.862285682106516,"Study2","G8","T1","TurnTaking","Study2_G8_T1_TurnTaking.csv",1.86062708320333,11,49,0.716830347333234,3,43
"1535",10.395459,1.01705645402124,-0.798514584395238,-0.707310244180935,-0.924514543281397,"Study2","G8","T1","TurnTaking","Study2_G8_T1_TurnTaking.csv",1.86062708320333,11,49,0.716830347333234,3,43
"1536",10.397124,1.01705645402124,-0.798514584395238,-0.940029323394499,-0.977218423009463,"Study2","G8","T1","TurnTaking","Study2_G8_T1_TurnTaking.csv",1.86062708320333,11,49,0.716830347333234,3,43
"1537",10.398792,1.01705645402124,-0.798514584395238,-1.13290205309897,-1.02026935908733,"Study2","G8","T1","TurnTaking","Study2_G8_T1_TurnTaking.csv",1.86062708320333,11,49,0.716830347333234,3,43
"1538",10.400458,0.503214425382364,-0.798514584395238,-1.28052096572066,-1.04925187089162,"Study2","G8","T1","TurnTaking","Study2_G8_T1_TurnTaking.csv",1.86062708320333,11,49,0.716830347333234,3,43
"1539",10.402125,0.366623506377095,-0.801392828670352,-1.35289424552121,-1.03100220672819,"Study2","G8","T1","TurnTaking","Study2_G8_T1_TurnTaking.csv",1.86062708320333,11,49,0.716830347333234,3,43
"1540",10.403793,0.366623506377095,-0.83963235975401,-1.26171874474273,-0.913827060167489,"Study2","G8","T1","TurnTaking","Study2_G8_T1_TurnTaking.csv",1.86062708320333,11,49,0.716830347333234,3,43
"1541",10.405458,0.366623506377095,-0.83963235975401,-1.04785017547039,-0.683595951686819,"Study2","G8","T1","TurnTaking","Study2_G8_T1_TurnTaking.csv",1.86062708320333,11,49,0.716830347333234,3,43
"1542",10.407124,0.366623506377095,-0.83963235975401,-0.835457948818183,-0.413661324187839,"Study2","G8","T1","TurnTaking","Study2_G8_T1_TurnTaking.csv",1.86062708320333,11,49,0.716830347333234,3,43
"1543",10.408791,0.366623506377095,-0.83963235975401,-0.546004939706154,-0.192520525098563,"Study2","G8","T1","TurnTaking","Study2_G8_T1_TurnTaking.csv",1.86062708320333,11,49,0.716830347333234,3,43
"1544",10.410459,0.366623506377095,-0.83963235975401,-0.239106730320079,-0.0683359885007301,"Study2","G8","T1","TurnTaking","Study2_G8_T1_TurnTaking.csv",1.86062708320333,11,49,0.716830347333234,3,43
"1545",10.412125,0.366623506377095,-0.83963235975401,-0.00388502796725702,-0.0654978524513005,"Study2","G8","T1","TurnTaking","Study2_G8_T1_TurnTaking.csv",1.86062708320333,11,49,0.716830347333234,3,43
"1546",10.413792,0.366623506377095,-0.83963235975401,0.118333329766833,-0.155350572113824,"Study2","G8","T1","TurnTaking","Study2_G8_T1_TurnTaking.csv",1.86062708320333,11,49,0.716830347333234,3,43
"1547",10.415458,0.366623506377095,-0.83963235975401,0.131011591476791,-0.285245760845095,"Study2","G8","T1","TurnTaking","Study2_G8_T1_TurnTaking.csv",1.86062708320333,11,49,0.716830347333234,3,43
"1548",10.417124,0.360983056522497,-0.83963235975401,0.0171503614939858,-0.421018936898842,"Study2","G8","T1","TurnTaking","Study2_G8_T1_TurnTaking.csv",1.86062708320333,11,49,0.716830347333234,3,43
"1549",10.418791,0.359483696434565,-0.810974127725894,-0.13434668146492,-0.545516032234262,"Study2","G8","T1","TurnTaking","Study2_G8_T1_TurnTaking.csv",1.86062708320333,11,49,0.716830347333234,3,43
"1550",10.420459,0.359483696434565,-0.805515416863395,-0.266148997920204,-0.647897635368877,"Study2","G8","T1","TurnTaking","Study2_G8_T1_TurnTaking.csv",1.86062708320333,11,49,0.716830347333234,3,43
"1551",10.422126,0.359483696434565,-0.805515416863395,-0.330353936287667,-0.738433248083354,"Study2","G8","T1","TurnTaking","Study2_G8_T1_TurnTaking.csv",1.86062708320333,11,49,0.716830347333234,3,43
"1552",10.423791,0.359483696434565,-0.805515416863395,-0.366546234175519,-0.823399865819313,"Study2","G8","T1","TurnTaking","Study2_G8_T1_TurnTaking.csv",1.86062708320333,11,49,0.716830347333234,3,43
"1553",10.425458,0.359483696434565,-0.805515416863395,-0.398361266386346,-0.883126402568808,"Study2","G8","T1","TurnTaking","Study2_G8_T1_TurnTaking.csv",1.86062708320333,11,49,0.716830347333234,3,43
"1554",10.427124,0.359483696434565,-0.805515416863395,-0.464056888411768,-0.915128936497577,"Study2","G8","T1","TurnTaking","Study2_G8_T1_TurnTaking.csv",1.86062708320333,11,49,0.716830347333234,3,43
"1555",10.428793,0.359483696434565,-0.805515416863395,-0.562454334166451,-0.924192569264631,"Study2","G8","T1","TurnTaking","Study2_G8_T1_TurnTaking.csv",1.86062708320333,11,49,0.716830347333234,3,43
"1556",10.430459,0.359483696434565,-0.805515416863395,-0.686060523427872,-0.915503122517062,"Study2","G8","T1","TurnTaking","Study2_G8_T1_TurnTaking.csv",1.86062708320333,11,49,0.716830347333234,3,43
"1557",10.432125,0.359483696434565,-0.805515416863395,-0.782474760506903,-0.881241064241124,"Study2","G8","T1","TurnTaking","Study2_G8_T1_TurnTaking.csv",1.86062708320333,11,49,0.716830347333234,3,43
"1558",10.433792,0.159892490061353,-0.757425687159746,-0.842395537903827,-0.793308348252351,"Study2","G8","T1","TurnTaking","Study2_G8_T1_TurnTaking.csv",1.86062708320333,11,49,0.716830347333234,3,43
"1559",10.435458,0.106836599759612,-0.751482012701992,-0.887357268380338,-0.632343023542505,"Study2","G8","T1","TurnTaking","Study2_G8_T1_TurnTaking.csv",1.86062708320333,11,49,0.716830347333234,3,43
"1560",10.437124,0.106836599759612,-0.751482012701992,-0.93927395404298,-0.413116521897174,"Study2","G8","T1","TurnTaking","Study2_G8_T1_TurnTaking.csv",1.86062708320333,11,49,0.716830347333234,3,43
"1561",10.438793,0.106836599759612,-0.751482012701992,-0.963554451468832,-0.180212900687174,"Study2","G8","T1","TurnTaking","Study2_G8_T1_TurnTaking.csv",1.86062708320333,11,49,0.716830347333234,3,43
"1562",10.440459,0.106836599759612,-0.751482012701992,-0.97836930373552,0.0328647103756699,"Study2","G8","T1","TurnTaking","Study2_G8_T1_TurnTaking.csv",1.86062708320333,11,49,0.716830347333234,3,43
"1563",10.442123,0.106836599759612,-0.751482012701992,-1.00957237697305,0.218128160186862,"Study2","G8","T1","TurnTaking","Study2_G8_T1_TurnTaking.csv",1.86062708320333,11,49,0.716830347333234,3,43
"1564",10.443792,0.106836599759612,-0.751482012701992,-1.02430151913088,0.37075753908558,"Study2","G8","T1","TurnTaking","Study2_G8_T1_TurnTaking.csv",1.86062708320333,11,49,0.716830347333234,3,43
"1565",10.445458,0.106836599759612,-0.751482012701992,-0.963577195458503,0.482203630921719,"Study2","G8","T1","TurnTaking","Study2_G8_T1_TurnTaking.csv",1.86062708320333,11,49,0.716830347333234,3,43
"1566",10.447125,0.106836599759612,-0.647865591579168,-0.880617764879608,0.54298767470989,"Study2","G8","T1","TurnTaking","Study2_G8_T1_TurnTaking.csv",1.86062708320333,11,49,0.716830347333234,3,43
"1567",10.448792,0.106836599759612,-0.60131328643703,-0.81267261662461,0.552557592716422,"Study2","G8","T1","TurnTaking","Study2_G8_T1_TurnTaking.csv",1.86062708320333,11,49,0.716830347333234,3,43
"1568",10.450459,-0.0374132295061747,-0.60131328643703,-0.760886120695943,0.522777777952578,"Study2","G8","T1","TurnTaking","Study2_G8_T1_TurnTaking.csv",1.86062708320333,11,49,0.716830347333234,3,43
"1569",10.452123,-0.0757581208299907,-0.60131328643703,-0.755497587773767,0.501029624295492,"Study2","G8","T1","TurnTaking","Study2_G8_T1_TurnTaking.csv",1.86062708320333,11,49,0.716830347333234,3,43
"1570",10.453792,-0.0757581208299907,-0.60131328643703,-0.818860774444707,0.571490007276064,"Study2","G8","T1","TurnTaking","Study2_G8_T1_TurnTaking.csv",1.86062708320333,11,49,0.716830347333234,3,43
"1571",10.455459,-0.0757581208299907,-0.60131328643703,-0.912012313379926,0.684314010954448,"Study2","G8","T1","TurnTaking","Study2_G8_T1_TurnTaking.csv",1.86062708320333,11,49,0.716830347333234,3,43
"1572",10.457126,-0.0757581208299907,-0.60131328643703,-0.995133304713032,0.736899629069798,"Study2","G8","T1","TurnTaking","Study2_G8_T1_TurnTaking.csv",1.86062708320333,11,49,0.716830347333234,3,43
"1573",10.458792,-0.0757581208299907,-0.60131328643703,-1.05228738220393,0.714693693126579,"Study2","G8","T1","TurnTaking","Study2_G8_T1_TurnTaking.csv",1.86062708320333,11,49,0.716830347333234,3,43
"1574",10.460458,-0.0757581208299907,-0.544593868881382,-1.0818053834974,0.683667209806013,"Study2","G8","T1","TurnTaking","Study2_G8_T1_TurnTaking.csv",1.86062708320333,11,49,0.716830347333234,3,43
"1575",10.462124,-0.0757581208299907,-0.527651705195929,-1.09113702958442,0.678633316527489,"Study2","G8","T1","TurnTaking","Study2_G8_T1_TurnTaking.csv",1.86062708320333,11,49,0.716830347333234,3,43
"1576",10.463792,-0.0757581208299907,-0.527651705195929,-1.09308741072818,0.6737009941395,"Study2","G8","T1","TurnTaking","Study2_G8_T1_TurnTaking.csv",1.86062708320333,11,49,0.716830347333234,3,43
"1577",10.465459,-0.0757581208299907,-0.527651705195929,-1.1178370169459,0.638214949570316,"Study2","G8","T1","TurnTaking","Study2_G8_T1_TurnTaking.csv",1.86062708320333,11,49,0.716830347333234,3,43
"1578",10.467126,-0.227006832899651,-0.527651705195929,-1.15894212864194,0.554915977494968,"Study2","G8","T1","TurnTaking","Study2_G8_T1_TurnTaking.csv",1.86062708320333,11,49,0.716830347333234,3,43
"1579",10.468792,-0.267212186740953,-0.527651705195929,-1.18562295727321,0.48332547570145,"Study2","G8","T1","TurnTaking","Study2_G8_T1_TurnTaking.csv",1.86062708320333,11,49,0.716830347333234,3,43
"1580",10.470457,-0.267212186740953,-0.527651705195929,-1.18965178054691,0.469556200525423,"Study2","G8","T1","TurnTaking","Study2_G8_T1_TurnTaking.csv",1.86062708320333,11,49,0.716830347333234,3,43
"1581",10.472125,-0.267212186740953,-0.513949706705838,-1.18506040765678,0.517210066875764,"Study2","G8","T1","TurnTaking","Study2_G8_T1_TurnTaking.csv",1.86062708320333,11,49,0.716830347333234,3,43
"1582",10.473792,-0.267212186740953,-0.455535923669133,-1.17490504820987,0.595181560149103,"Study2","G8","T1","TurnTaking","Study2_G8_T1_TurnTaking.csv",1.86062708320333,11,49,0.716830347333234,3,43
"1583",10.475459,-0.267212186740953,-0.455535923669133,-1.1598749683365,0.678855146211171,"Study2","G8","T1","TurnTaking","Study2_G8_T1_TurnTaking.csv",1.86062708320333,11,49,0.716830347333234,3,43
"1584",10.477124,-0.267212186740953,-0.455535923669133,-1.15921584079349,0.719744990406009,"Study2","G8","T1","TurnTaking","Study2_G8_T1_TurnTaking.csv",1.86062708320333,11,49,0.716830347333234,3,43
"1585",10.478792,-0.267212186740953,-0.455535923669133,-1.17019088018339,0.720019317403901,"Study2","G8","T1","TurnTaking","Study2_G8_T1_TurnTaking.csv",1.86062708320333,11,49,0.716830347333234,3,43
"1586",10.480457,-0.267212186740953,-0.455535923669133,-1.17878217019286,0.699555636075997,"Study2","G8","T1","TurnTaking","Study2_G8_T1_TurnTaking.csv",1.86062708320333,11,49,0.716830347333234,3,43
"1587",10.482125,-0.267212186740953,-0.455535923669133,-1.17662518847298,0.676836852729023,"Study2","G8","T1","TurnTaking","Study2_G8_T1_TurnTaking.csv",1.86062708320333,11,49,0.716830347333234,3,43
"1588",10.483792,-0.299972076995937,-0.455535923669133,-1.16683642180539,0.669764123541052,"Study2","G8","T1","TurnTaking","Study2_G8_T1_TurnTaking.csv",1.86062708320333,11,49,0.716830347333234,3,43
"1589",10.48546,-0.30868040225359,-0.365555469045389,-1.16228381453313,0.67412839075192,"Study2","G8","T1","TurnTaking","Study2_G8_T1_TurnTaking.csv",1.86062708320333,11,49,0.716830347333234,3,43
"1590",10.487123,-0.30868040225359,-0.360819655644139,-1.16295672291717,0.664526089891241,"Study2","G8","T1","TurnTaking","Study2_G8_T1_TurnTaking.csv",1.86062708320333,11,49,0.716830347333234,3,43
"1591",10.488792,-0.30868040225359,-0.360819655644139,-1.18033906911139,0.558232866225067,"Study2","G8","T1","TurnTaking","Study2_G8_T1_TurnTaking.csv",1.86062708320333,11,49,0.716830347333234,3,43
"1592",10.490459,-0.30868040225359,-0.360819655644139,-1.21263295753823,0.321698656301419,"Study2","G8","T1","TurnTaking","Study2_G8_T1_TurnTaking.csv",1.86062708320333,11,49,0.716830347333234,3,43
"1593",10.492125,-0.30868040225359,-0.360819655644139,-1.21088940104931,0.193681815766322,"Study2","G8","T1","TurnTaking","Study2_G8_T1_TurnTaking.csv",1.86062708320333,11,49,0.716830347333234,3,43
"1594",10.493792,-0.30868040225359,-0.360819655644139,-1.12427815963633,0.299103698141222,"Study2","G8","T1","TurnTaking","Study2_G8_T1_TurnTaking.csv",1.86062708320333,11,49,0.716830347333234,3,43
"1595",10.495459,-0.30868040225359,-0.360819655644139,-0.940815951726895,0.58357523138079,"Study2","G8","T1","TurnTaking","Study2_G8_T1_TurnTaking.csv",1.86062708320333,11,49,0.716830347333234,3,43
"1596",10.497124,-0.30868040225359,-0.324755005113501,-0.741604595344561,0.949717891987989,"Study2","G8","T1","TurnTaking","Study2_G8_T1_TurnTaking.csv",1.86062708320333,11,49,0.716830347333234,3,43
"1597",10.498791,-0.30868040225359,-0.317368269462648,-0.657130056527666,1.17421937512112,"Study2","G8","T1","TurnTaking","Study2_G8_T1_TurnTaking.csv",1.86062708320333,11,49,0.716830347333234,3,43
"1598",10.50046,-0.29765543918701,-0.317368269462648,-0.724926976712053,1.18378330158636,"Study2","G8","T1","TurnTaking","Study2_G8_T1_TurnTaking.csv",1.86062708320333,11,49,0.716830347333234,3,43
"1599",10.502125,-0.294724752802222,-0.317368269462648,-0.926417773832545,1.07441627457979,"Study2","G8","T1","TurnTaking","Study2_G8_T1_TurnTaking.csv",1.86062708320333,11,49,0.716830347333234,3,43
"1600",10.503792,-0.294724752802222,-0.317368269462648,-1.1889246451136,0.813413608595109,"Study2","G8","T1","TurnTaking","Study2_G8_T1_TurnTaking.csv",1.86062708320333,11,49,0.716830347333234,3,43
"1601",10.505457,-0.294724752802222,-0.317368269462648,-1.44936293372822,0.702769384702364,"Study2","G8","T1","TurnTaking","Study2_G8_T1_TurnTaking.csv",1.86062708320333,11,49,0.716830347333234,3,43
"1602",10.507124,-0.294724752802222,-0.283116827085637,-1.66873263547751,0.700732403317603,"Study2","G8","T1","TurnTaking","Study2_G8_T1_TurnTaking.csv",1.86062708320333,11,49,0.716830347333234,3,43
"1603",10.508792,-0.294724752802222,-0.161679895021691,-1.81136086693722,0.794388325145385,"Study2","G8","T1","TurnTaking","Study2_G8_T1_TurnTaking.csv",1.86062708320333,11,49,0.716830347333234,3,43
"1604",10.510459,-0.294724752802222,-0.161679895021691,-1.88132070692746,0.94213003290434,"Study2","G8","T1","TurnTaking","Study2_G8_T1_TurnTaking.csv",1.86062708320333,11,49,0.716830347333234,3,43
"1605",10.512125,-0.294724752802222,-0.161679895021691,-1.896486354424,1.06344476387732,"Study2","G8","T1","TurnTaking","Study2_G8_T1_TurnTaking.csv",1.86062708320333,11,49,0.716830347333234,3,43
"1606",10.513792,-0.294724752802222,-0.161679895021691,-1.90827737645809,1.08051138394636,"Study2","G8","T1","TurnTaking","Study2_G8_T1_TurnTaking.csv",1.86062708320333,11,49,0.716830347333234,3,43
"1607",10.515457,-0.294724752802222,-0.161679895021691,-1.92674908132997,1.00770217412217,"Study2","G8","T1","TurnTaking","Study2_G8_T1_TurnTaking.csv",1.86062708320333,11,49,0.716830347333234,3,43
"1608",10.517125,-0.294862564840555,-0.161679895021691,-1.91695807387523,0.951843177278987,"Study2","G8","T1","TurnTaking","Study2_G8_T1_TurnTaking.csv",1.86062708320333,11,49,0.716830347333234,3,43
"1609",10.518793,-0.294899198420365,-0.14762802887279,-1.88641166331484,0.980145363834739,"Study2","G8","T1","TurnTaking","Study2_G8_T1_TurnTaking.csv",1.86062708320333,11,49,0.716830347333234,3,43
"1610",10.520459,-0.294899198420365,-0.141015385979189,-1.85207305660481,1.04391034207322,"Study2","G8","T1","TurnTaking","Study2_G8_T1_TurnTaking.csv",1.86062708320333,11,49,0.716830347333234,3,43
"1611",10.522124,-0.294899198420365,-0.141015385979189,-1.82274260919661,1.0068703484723,"Study2","G8","T1","TurnTaking","Study2_G8_T1_TurnTaking.csv",1.86062708320333,11,49,0.716830347333234,3,43
"1612",10.523792,-0.294899198420365,-0.141015385979189,-1.79250307443773,0.855172368933555,"Study2","G8","T1","TurnTaking","Study2_G8_T1_TurnTaking.csv",1.86062708320333,11,49,0.716830347333234,3,43
"1613",10.525458,-0.294899198420365,-0.141015385979189,-1.77859506873455,0.709983628389508,"Study2","G8","T1","TurnTaking","Study2_G8_T1_TurnTaking.csv",1.86062708320333,11,49,0.716830347333234,3,43
"1614",10.527125,-0.294899198420365,-0.141015385979189,-1.81029044291106,0.582434841354193,"Study2","G8","T1","TurnTaking","Study2_G8_T1_TurnTaking.csv",1.86062708320333,11,49,0.716830347333234,3,43
"1615",10.528793,-0.294899198420365,-0.139900024384688,-1.83422765174405,0.464937007498001,"Study2","G8","T1","TurnTaking","Study2_G8_T1_TurnTaking.csv",1.86062708320333,11,49,0.716830347333234,3,43
"1616",10.530458,-0.294899198420365,-0.134044376013559,-1.78617464334144,0.388441573219559,"Study2","G8","T1","TurnTaking","Study2_G8_T1_TurnTaking.csv",1.86062708320333,11,49,0.716830347333234,3,43
"1617",10.532124,-0.294899198420365,-0.134044376013559,-1.63804315065697,0.344432561157378,"Study2","G8","T1","TurnTaking","Study2_G8_T1_TurnTaking.csv",1.86062708320333,11,49,0.716830347333234,3,43
"1618",10.533791,-0.273026459193629,-0.134044376013559,-1.40031143056727,0.31669129699149,"Study2","G8","T1","TurnTaking","Study2_G8_T1_TurnTaking.csv",1.86062708320333,11,49,0.716830347333234,3,43
"1619",10.535459,-0.267212186740953,-0.134044376013559,-1.11398319914937,0.307747209738858,"Study2","G8","T1","TurnTaking","Study2_G8_T1_TurnTaking.csv",1.86062708320333,11,49,0.716830347333234,3,43
"1620",10.537125,-0.267212186740953,-0.134044376013559,-0.82815432715001,0.28549933300657,"Study2","G8","T1","TurnTaking","Study2_G8_T1_TurnTaking.csv",1.86062708320333,11,49,0.716830347333234,3,43
"1621",10.538792,-0.267212186740953,-0.134044376013559,-0.629035739356085,0.258693605217268,"Study2","G8","T1","TurnTaking","Study2_G8_T1_TurnTaking.csv",1.86062708320333,11,49,0.716830347333234,3,43
"1622",10.540458,-0.267212186740953,-0.116970173198168,-0.592614881177949,0.3024695177919,"Study2","G8","T1","TurnTaking","Study2_G8_T1_TurnTaking.csv",1.86062708320333,11,49,0.716830347333234,3,43
"1623",10.542124,-0.267212186740953,-0.109299154541978,-0.716358094574182,0.365790694007268,"Study2","G8","T1","TurnTaking","Study2_G8_T1_TurnTaking.csv",1.86062708320333,11,49,0.716830347333234,3,43
"1624",10.543791,-0.267212186740953,-0.109299154541978,-0.934210223219596,0.402110989373992,"Study2","G8","T1","TurnTaking","Study2_G8_T1_TurnTaking.csv",1.86062708320333,11,49,0.716830347333234,3,43
"1625",10.545459,-0.267212186740953,-0.109299154541978,-1.18111505370478,0.391542195840035,"Study2","G8","T1","TurnTaking","Study2_G8_T1_TurnTaking.csv",1.86062708320333,11,49,0.716830347333234,3,43
"1626",10.547126,-0.267212186740953,-0.0524504564378778,-1.40005497247684,0.353678650622458,"Study2","G8","T1","TurnTaking","Study2_G8_T1_TurnTaking.csv",1.86062708320333,11,49,0.716830347333234,3,43
"1627",10.548791,-0.267212186740953,0.838179147193033,-1.56242162578979,0.316321818611594,"Study2","G8","T1","TurnTaking","Study2_G8_T1_TurnTaking.csv",1.86062708320333,11,49,0.716830347333234,3,43
"1628",10.550458,-0.223122178191652,0.838179147193033,-1.71408471107723,0.273722673278567,"Study2","G8","T1","TurnTaking","Study2_G8_T1_TurnTaking.csv",1.86062708320333,11,49,0.716830347333234,3,43
"1629",10.552124,-0.211402049336774,0.838179147193033,-1.85115343755449,0.232107281963981,"Study2","G8","T1","TurnTaking","Study2_G8_T1_TurnTaking.csv",1.86062708320333,11,49,0.716830347333234,3,43
"1630",10.553793,-0.211402049336774,1.45667846497142,-1.94485867499686,0.188563184975189,"Study2","G8","T1","TurnTaking","Study2_G8_T1_TurnTaking.csv",1.86062708320333,11,49,0.716830347333234,3,43
"1631",10.555459,-0.211402049336774,1.9045572812937,-1.98974186588342,0.16001349070163,"Study2","G8","T1","TurnTaking","Study2_G8_T1_TurnTaking.csv",1.86062708320333,11,49,0.716830347333234,3,43
"1632",10.557125,-0.211402049336774,1.9045572812937,-2.00046425652108,0.143391243278679,"Study2","G8","T1","TurnTaking","Study2_G8_T1_TurnTaking.csv",1.86062708320333,11,49,0.716830347333234,3,43
"1633",10.558792,-0.211402049336774,1.89861365654012,-1.97042717688208,0.133612191949781,"Study2","G8","T1","TurnTaking","Study2_G8_T1_TurnTaking.csv",1.86062708320333,11,49,0.716830347333234,3,43
"1634",10.560458,-0.211402049336774,1.85502707501384,-1.85222655052525,0.113221978330621,"Study2","G8","T1","TurnTaking","Study2_G8_T1_TurnTaking.csv",1.86062708320333,11,49,0.716830347333234,3,43
"1635",10.562124,-0.211402049336774,1.85502707501384,-1.63884311167297,0.15233832630196,"Study2","G8","T1","TurnTaking","Study2_G8_T1_TurnTaking.csv",1.86062708320333,11,49,0.716830347333234,3,43
"1636",10.563793,-0.211402049336774,1.85502707501384,-1.32031320021985,0.367941514676646,"Study2","G8","T1","TurnTaking","Study2_G8_T1_TurnTaking.csv",1.86062708320333,11,49,0.716830347333234,3,43
"1637",10.565459,-0.211402049336774,1.85502707501384,-0.920512963548786,0.743083327654098,"Study2","G8","T1","TurnTaking","Study2_G8_T1_TurnTaking.csv",1.86062708320333,11,49,0.716830347333234,3,43
"1638",10.567123,-0.189174936297185,1.24684485198458,-0.507876825791079,1.14089413712347,"Study2","G8","T1","TurnTaking","Study2_G8_T1_TurnTaking.csv",1.86062708320333,11,49,0.716830347333234,3,43
"1639",10.568792,-0.183266463210713,1.01032954302876,-0.186348741118345,1.42572245238162,"Study2","G8","T1","TurnTaking","Study2_G8_T1_TurnTaking.csv",1.86062708320333,11,49,0.716830347333234,3,43
"1640",10.570458,-0.183266463210713,1.01032954302876,-0.00637062112410176,1.58997998637766,"Study2","G8","T1","TurnTaking","Study2_G8_T1_TurnTaking.csv",1.86062708320333,11,49,0.716830347333234,3,43
"1641",10.572125,-0.183266463210713,1.01032954302876,0.00917293512690496,1.6509978429321,"Study2","G8","T1","TurnTaking","Study2_G8_T1_TurnTaking.csv",1.86062708320333,11,49,0.716830347333234,3,43
"1642",10.573792,-0.183266463210713,1.01032954302876,-0.146724005459337,1.60759825621313,"Study2","G8","T1","TurnTaking","Study2_G8_T1_TurnTaking.csv",1.86062708320333,11,49,0.716830347333234,3,43
"1643",10.575459,-0.183266463210713,1.01032954302876,-0.40706661246224,1.49081099062345,"Study2","G8","T1","TurnTaking","Study2_G8_T1_TurnTaking.csv",1.86062708320333,11,49,0.716830347333234,3,43
"1644",10.577123,-0.183266463210713,1.01032954302876,-0.699883939415771,1.35528760477943,"Study2","G8","T1","TurnTaking","Study2_G8_T1_TurnTaking.csv",1.86062708320333,11,49,0.716830347333234,3,43
"1645",10.578792,-0.183266463210713,1.01032954302876,-0.987080139739955,1.25129812874141,"Study2","G8","T1","TurnTaking","Study2_G8_T1_TurnTaking.csv",1.86062708320333,11,49,0.716830347333234,3,43
"1646",10.580459,-0.183266463210713,1.01032954302876,-1.243391682682,1.18623569650095,"Study2","G8","T1","TurnTaking","Study2_G8_T1_TurnTaking.csv",1.86062708320333,11,49,0.716830347333234,3,43
"1647",10.582126,-0.183266463210713,1.01032954302876,-1.44789264123341,1.13195675469086,"Study2","G8","T1","TurnTaking","Study2_G8_T1_TurnTaking.csv",1.86062708320333,11,49,0.716830347333234,3,43
"1648",10.583792,-0.238597996601116,1.01032954302876,-1.5916411542336,1.07961279540777,"Study2","G8","T1","TurnTaking","Study2_G8_T1_TurnTaking.csv",1.86062708320333,11,49,0.716830347333234,3,43
"1649",10.585458,-0.253306378894767,1.01032954302876,-1.69156345565042,1.01208227612075,"Study2","G8","T1","TurnTaking","Study2_G8_T1_TurnTaking.csv",1.86062708320333,11,49,0.716830347333234,3,43
"1650",10.587124,-0.253306378894767,1.01032954302876,-1.79932884824411,0.927841918783264,"Study2","G8","T1","TurnTaking","Study2_G8_T1_TurnTaking.csv",1.86062708320333,11,49,0.716830347333234,3,43
"1651",10.588792,-0.253306378894767,1.01032954302876,-1.90061769371025,0.798599237430234,"Study2","G8","T1","TurnTaking","Study2_G8_T1_TurnTaking.csv",1.86062708320333,11,49,0.716830347333234,3,43
"1652",10.590459,-0.253306378894767,1.01032954302876,-1.95537917071143,0.652578528580568,"Study2","G8","T1","TurnTaking","Study2_G8_T1_TurnTaking.csv",1.86062708320333,11,49,0.716830347333234,3,43
"1653",10.592126,-0.253306378894767,1.01032954302876,-1.96234432147914,0.597344363901072,"Study2","G8","T1","TurnTaking","Study2_G8_T1_TurnTaking.csv",1.86062708320333,11,49,0.716830347333234,3,43
"1654",10.593792,-0.253306378894767,1.01032954302876,-1.92369063093576,0.635926466106885,"Study2","G8","T1","TurnTaking","Study2_G8_T1_TurnTaking.csv",1.86062708320333,11,49,0.716830347333234,3,43
"1655",10.595457,-0.253306378894767,1.01032954302876,-1.8209782133871,0.68301684226395,"Study2","G8","T1","TurnTaking","Study2_G8_T1_TurnTaking.csv",1.86062708320333,11,49,0.716830347333234,3,43
"1656",10.597125,-0.253306378894767,1.01032954302876,-1.6453770229518,0.680588128203052,"Study2","G8","T1","TurnTaking","Study2_G8_T1_TurnTaking.csv",1.86062708320333,11,49,0.716830347333234,3,43
"1657",10.598792,-0.253306378894767,1.01032954302876,-1.41938366639794,0.616709453335703,"Study2","G8","T1","TurnTaking","Study2_G8_T1_TurnTaking.csv",1.86062708320333,11,49,0.716830347333234,3,43
"1658",10.600459,-0.477733283318861,1.01032954302876,-1.166840679301,0.54028406302812,"Study2","G8","T1","TurnTaking","Study2_G8_T1_TurnTaking.csv",1.86062708320333,11,49,0.716830347333234,3,43
"1659",10.602124,-0.537391068039189,1.01032954302876,-0.858988678860415,0.516803212690644,"Study2","G8","T1","TurnTaking","Study2_G8_T1_TurnTaking.csv",1.86062708320333,11,49,0.716830347333234,3,43
"1660",10.603792,-0.537391068039189,-0.600770765411897,-0.482719396310297,0.517026754243268,"Study2","G8","T1","TurnTaking","Study2_G8_T1_TurnTaking.csv",1.86062708320333,11,49,0.716830347333234,3,43
"1661",10.605457,-0.537391068039189,-1.9194229655494,-0.0690745682126719,0.433035188525297,"Study2","G8","T1","TurnTaking","Study2_G8_T1_TurnTaking.csv",1.86062708320333,11,49,0.716830347333234,3,43
"1662",10.607125,-0.537391068039189,-1.77063372884299,0.332835033451134,0.233256944614011,"Study2","G8","T1","TurnTaking","Study2_G8_T1_TurnTaking.csv",1.86062708320333,11,49,0.716830347333234,3,43
"1663",10.608792,-0.537391068039189,-1.77063372884299,0.697223102283982,0.0200004432467698,"Study2","G8","T1","TurnTaking","Study2_G8_T1_TurnTaking.csv",1.86062708320333,11,49,0.716830347333234,3,43
"1664",10.61046,-0.537391068039189,-1.77063372884299,1.00206191623098,-0.0573704693395569,"Study2","G8","T1","TurnTaking","Study2_G8_T1_TurnTaking.csv",1.86062708320333,11,49,0.716830347333234,3,43
"1665",10.612123,-0.537391068039189,-1.77063372884299,1.22963794075571,0.0600655945789922,"Study2","G8","T1","TurnTaking","Study2_G8_T1_TurnTaking.csv",1.86062708320333,11,49,0.716830347333234,3,43
"1666",10.613792,-0.537391068039189,-1.77063372884299,1.35699599199789,0.261180094854943,"Study2","G8","T1","TurnTaking","Study2_G8_T1_TurnTaking.csv",1.86062708320333,11,49,0.716830347333234,3,43
"1667",10.615459,-0.537391068039189,-1.77063372884299,1.36167733249248,0.425903827826076,"Study2","G8","T1","TurnTaking","Study2_G8_T1_TurnTaking.csv",1.86062708320333,11,49,0.716830347333234,3,43
"1668",10.617125,-6.33553121796357e-16,-1.77063372884299,1.25051255373824,0.475519495983491,"Study2","G8","T1","TurnTaking","Study2_G8_T1_TurnTaking.csv",1.86062708320333,11,49,0.716830347333234,3,43
"1669",10.618792,-6.33553121796357e-16,-1.77063372884299,1.05707626606312,0.35549922324185,"Study2","G8","T1","TurnTaking","Study2_G8_T1_TurnTaking.csv",1.86062708320333,11,49,0.716830347333234,3,43
"1670",10.620459,-6.33553121796357e-16,-1.77063372884299,0.793270298426263,0.0654729605982759,"Study2","G8","T1","TurnTaking","Study2_G8_T1_TurnTaking.csv",1.86062708320333,11,49,0.716830347333234,3,43
"1671",10.622124,-6.33553121796357e-16,0.597983940242094,0.476909020786257,-0.293107946926634,"Study2","G8","T1","TurnTaking","Study2_G8_T1_TurnTaking.csv",1.86062708320333,11,49,0.716830347333234,3,43
"1672",10.623791,-6.33553121796357e-16,-0.031743251512592,0.133514662773482,-0.658176124461488,"Study2","G8","T1","TurnTaking","Study2_G8_T1_TurnTaking.csv",1.86062708320333,11,49,0.716830347333234,3,43
"1673",10.62546,-6.33553121796357e-16,-0.031743251512592,-0.223324082079137,-0.963970697237645,"Study2","G8","T1","TurnTaking","Study2_G8_T1_TurnTaking.csv",1.86062708320333,11,49,0.716830347333234,3,43
"1674",10.627125,-6.33553121796357e-16,-0.031743251512592,-0.507374777427958,-1.17711778164837,"Study2","G8","T1","TurnTaking","Study2_G8_T1_TurnTaking.csv",1.86062708320333,11,49,0.716830347333234,3,43
"1675",10.628792,-6.33553121796357e-16,-0.031743251512592,-0.687387293505103,-1.29027517180313,"Study2","G8","T1","TurnTaking","Study2_G8_T1_TurnTaking.csv",1.86062708320333,11,49,0.716830347333234,3,43
"1676",10.630457,-6.33553121796357e-16,-0.031743251512592,-0.811766442297246,-1.33172051746952,"Study2","G8","T1","TurnTaking","Study2_G8_T1_TurnTaking.csv",1.86062708320333,11,49,0.716830347333234,3,43
"1677",10.632124,-6.33553121796357e-16,-0.031743251512592,-0.919638384320373,-1.34424982890884,"Study2","G8","T1","TurnTaking","Study2_G8_T1_TurnTaking.csv",1.86062708320333,11,49,0.716830347333234,3,43
"1678",10.633792,-0.382504417207188,-0.108523595511685,-1.02352183723868,-1.34866188579433,"Study2","G8","T1","TurnTaking","Study2_G8_T1_TurnTaking.csv",1.86062708320333,11,49,0.716830347333234,3,43
"1679",10.635459,-1.78638431273278,-0.109299154541978,-1.12936575484296,-1.35525400777695,"Study2","G8","T1","TurnTaking","Study2_G8_T1_TurnTaking.csv",1.86062708320333,11,49,0.716830347333234,3,43
"1680",10.637125,-1.78638431273278,-0.109299154541978,-1.22235774973241,-1.37522124711179,"Study2","G8","T1","TurnTaking","Study2_G8_T1_TurnTaking.csv",1.86062708320333,11,49,0.716830347333234,3,43
"1681",10.638792,-1.78638431273278,-0.109299154541978,-1.18184991985378,-1.40159758110824,"Study2","G8","T1","TurnTaking","Study2_G8_T1_TurnTaking.csv",1.86062708320333,11,49,0.716830347333234,3,43
"1682",10.640457,-1.78638431273278,-0.109299154541978,-0.906662097918181,-1.41731795891045,"Study2","G8","T1","TurnTaking","Study2_G8_T1_TurnTaking.csv",1.86062708320333,11,49,0.716830347333234,3,43
"1683",10.642125,-1.78638431273278,-0.109299154541978,-0.509077215472505,-1.41850785048061,"Study2","G8","T1","TurnTaking","Study2_G8_T1_TurnTaking.csv",1.86062708320333,11,49,0.716830347333234,3,43
"1684",10.643793,-1.78638431273278,-0.101246681226386,-0.12241717878436,-1.41481406527187,"Study2","G8","T1","TurnTaking","Study2_G8_T1_TurnTaking.csv",1.86062708320333,11,49,0.716830347333234,3,43
"1685",10.645459,-1.78638431273278,-0.0949197379069919,0.215383054084342,-1.41138248132269,"Study2","G8","T1","TurnTaking","Study2_G8_T1_TurnTaking.csv",1.86062708320333,11,49,0.716830347333234,3,43
"1686",10.647124,-1.78638431273278,-0.0949197379069919,0.478497850921809,-1.41741867386652,"Study2","G8","T1","TurnTaking","Study2_G8_T1_TurnTaking.csv",1.86062708320333,11,49,0.716830347333234,3,43
"1687",10.648792,-1.78638431273278,-0.0949197379069919,0.664019230191602,-1.43743712661386,"Study2","G8","T1","TurnTaking","Study2_G8_T1_TurnTaking.csv",1.86062708320333,11,49,0.716830347333234,3,43
"1688",10.650458,-0.715673368344304,-0.0949197379069919,0.778653307665772,-1.45978243722008,"Study2","G8","T1","TurnTaking","Study2_G8_T1_TurnTaking.csv",1.86062708320333,11,49,0.716830347333234,3,43
"1689",10.652125,-0.431054003380278,-0.0949197379069919,0.832193891783015,-1.47265597697241,"Study2","G8","T1","TurnTaking","Study2_G8_T1_TurnTaking.csv",1.86062708320333,11,49,0.716830347333234,3,43
"1690",10.653793,-0.431054003380278,-0.0949197379069919,0.844048328093728,-1.47444502267213,"Study2","G8","T1","TurnTaking","Study2_G8_T1_TurnTaking.csv",1.86062708320333,11,49,0.716830347333234,3,43
"1691",10.655458,-0.431054003380278,-0.169626075967861,0.813707173637162,-1.4681376415568,"Study2","G8","T1","TurnTaking","Study2_G8_T1_TurnTaking.csv",1.86062708320333,11,49,0.716830347333234,3,43
"1692",10.657124,-0.431054003380278,-0.175249133671367,0.760453298236997,-1.46738028220588,"Study2","G8","T1","TurnTaking","Study2_G8_T1_TurnTaking.csv",1.86062708320333,11,49,0.716830347333234,3,43
"1693",10.658791,-0.431054003380278,-0.175249133671367,0.701148177112189,-1.47851570435951,"Study2","G8","T1","TurnTaking","Study2_G8_T1_TurnTaking.csv",1.86062708320333,11,49,0.716830347333234,3,43
"1694",10.660459,-0.431054003380278,-0.175249133671367,0.64657436603563,-1.50213792654041,"Study2","G8","T1","TurnTaking","Study2_G8_T1_TurnTaking.csv",1.86062708320333,11,49,0.716830347333234,3,43
"1695",10.662125,-0.431054003380278,-0.175249133671367,0.538473975761575,-1.52203341003545,"Study2","G8","T1","TurnTaking","Study2_G8_T1_TurnTaking.csv",1.86062708320333,11,49,0.716830347333234,3,43
"1696",10.663792,-0.431054003380278,-0.175249133671367,0.36818569168182,-1.52994395641459,"Study2","G8","T1","TurnTaking","Study2_G8_T1_TurnTaking.csv",1.86062708320333,11,49,0.716830347333234,3,43
"1697",10.665458,-0.431054003380278,-0.178498891771708,0.212545433264716,-1.52744077605474,"Study2","G8","T1","TurnTaking","Study2_G8_T1_TurnTaking.csv",1.86062708320333,11,49,0.716830347333234,3,43
"1698",10.667124,-0.312565181565602,-0.256493086179896,0.082189656960346,-1.51380531196765,"Study2","G8","T1","TurnTaking","Study2_G8_T1_TurnTaking.csv",1.86062708320333,11,49,0.716830347333234,3,43
"1699",10.668791,-0.281068152981954,-0.256493086179896,-0.0111194093121964,-1.49738877412918,"Study2","G8","T1","TurnTaking","Study2_G8_T1_TurnTaking.csv",1.86062708320333,11,49,0.716830347333234,3,43
"1700",10.670459,-0.281068152981954,-0.256493086179896,-0.0353928482584959,-1.49143403801582,"Study2","G8","T1","TurnTaking","Study2_G8_T1_TurnTaking.csv",1.86062708320333,11,49,0.716830347333234,3,43
"1701",10.672126,-0.281068152981954,-0.256493086179896,-0.0197291858157313,-1.4986382958008,"Study2","G8","T1","TurnTaking","Study2_G8_T1_TurnTaking.csv",1.86062708320333,11,49,0.716830347333234,3,43
"1702",10.673791,-0.281068152981954,-0.256493086179896,-0.024491306687426,-1.50112150435634,"Study2","G8","T1","TurnTaking","Study2_G8_T1_TurnTaking.csv",1.86062708320333,11,49,0.716830347333234,3,43
"1703",10.675458,-0.281068152981954,-0.256493086179896,-0.108747816913686,-1.48669644071993,"Study2","G8","T1","TurnTaking","Study2_G8_T1_TurnTaking.csv",1.86062708320333,11,49,0.716830347333234,3,43
"1704",10.677124,-0.281068152981954,-0.256493086179896,-0.226038571644341,-1.45796771348623,"Study2","G8","T1","TurnTaking","Study2_G8_T1_TurnTaking.csv",1.86062708320333,11,49,0.716830347333234,3,43
"1705",10.678793,-0.281068152981954,-0.302012141017824,-0.287778308018112,-1.42355729323536,"Study2","G8","T1","TurnTaking","Study2_G8_T1_TurnTaking.csv",1.86062708320333,11,49,0.716830347333234,3,43
"1706",10.680459,-0.281068152981954,-0.302471929450531,-0.297725722416602,-1.39546409734622,"Study2","G8","T1","TurnTaking","Study2_G8_T1_TurnTaking.csv",1.86062708320333,11,49,0.716830347333234,3,43
"1707",10.682125,-0.281068152981954,-0.302471929450531,-0.318452443446602,-1.38366917768285,"Study2","G8","T1","TurnTaking","Study2_G8_T1_TurnTaking.csv",1.86062708320333,11,49,0.716830347333234,3,43
"1708",10.683792,-0.198193899359146,-0.302471929450531,-0.329838667280305,-1.39394081929969,"Study2","G8","T1","TurnTaking","Study2_G8_T1_TurnTaking.csv",1.86062708320333,11,49,0.716830347333234,3,43
"1709",10.685458,-0.17616403447207,-0.302471929450531,-0.328186534907493,-1.40475141432165,"Study2","G8","T1","TurnTaking","Study2_G8_T1_TurnTaking.csv",1.86062708320333,11,49,0.716830347333234,3,43
"1710",10.687124,-0.17616403447207,-0.302471929450531,-0.354298091560855,-1.40270002470663,"Study2","G8","T1","TurnTaking","Study2_G8_T1_TurnTaking.csv",1.86062708320333,11,49,0.716830347333234,3,43
"1711",10.688793,-0.17616403447207,-0.302471929450531,-0.334846154345982,-1.37927395417528,"Study2","G8","T1","TurnTaking","Study2_G8_T1_TurnTaking.csv",1.86062708320333,11,49,0.716830347333234,3,43
"1712",10.690459,-0.17616403447207,-0.330437384744951,-0.268508098641887,-1.31654323008902,"Study2","G8","T1","TurnTaking","Study2_G8_T1_TurnTaking.csv",1.86062708320333,11,49,0.716830347333234,3,43
"1713",10.692123,-0.17616403447207,-0.337871239949796,-0.220427304478496,-1.21640931087473,"Study2","G8","T1","TurnTaking","Study2_G8_T1_TurnTaking.csv",1.86062708320333,11,49,0.716830347333234,3,43
"1714",10.693792,-0.17616403447207,-0.337871239949796,-0.207432083424805,-1.0851630295813,"Study2","G8","T1","TurnTaking","Study2_G8_T1_TurnTaking.csv",1.86062708320333,11,49,0.716830347333234,3,43
"1715",10.695458,-0.17616403447207,-0.337871239949796,-0.179989499198608,-0.913788828427793,"Study2","G8","T1","TurnTaking","Study2_G8_T1_TurnTaking.csv",1.86062708320333,11,49,0.716830347333234,3,43
"1716",10.697125,-0.17616403447207,-0.337871239949796,-0.0874734475018665,-0.698115738737991,"Study2","G8","T1","TurnTaking","Study2_G8_T1_TurnTaking.csv",1.86062708320333,11,49,0.716830347333234,3,43
"1717",10.698792,-0.17616403447207,-0.337871239949796,0.116243795740456,-0.445812077435802,"Study2","G8","T1","TurnTaking","Study2_G8_T1_TurnTaking.csv",1.86062708320333,11,49,0.716830347333234,3,43
"1718",10.700459,-0.103005529551684,-0.337871239949796,0.360595921493359,-0.191157877421048,"Study2","G8","T1","TurnTaking","Study2_G8_T1_TurnTaking.csv",1.86062708320333,11,49,0.716830347333234,3,43
"1719",10.702123,-0.0835583320412024,-0.35274700243517,0.529214707099815,0.0903964884862871,"Study2","G8","T1","TurnTaking","Study2_G8_T1_TurnTaking.csv",1.86062708320333,11,49,0.716830347333234,3,43
"1720",10.703792,-0.0835583320412024,-0.366478475498592,0.600497843947191,0.382987130804381,"Study2","G8","T1","TurnTaking","Study2_G8_T1_TurnTaking.csv",1.86062708320333,11,49,0.716830347333234,3,43
"1721",10.705459,-0.0835583320412024,-0.366478475498592,0.625378648253114,0.618694793340725,"Study2","G8","T1","TurnTaking","Study2_G8_T1_TurnTaking.csv",1.86062708320333,11,49,0.716830347333234,3,43
"1722",10.707126,-0.0835583320412024,-0.366478475498592,0.623340652331409,0.770789498506683,"Study2","G8","T1","TurnTaking","Study2_G8_T1_TurnTaking.csv",1.86062708320333,11,49,0.716830347333234,3,43
"1723",10.708792,-0.0835583320412024,-0.366478475498592,0.577958886301821,0.830044843330002,"Study2","G8","T1","TurnTaking","Study2_G8_T1_TurnTaking.csv",1.86062708320333,11,49,0.716830347333234,3,43
"1724",10.710458,-0.0835583320412024,-0.366478475498592,0.446331239205632,0.80566511914244,"Study2","G8","T1","TurnTaking","Study2_G8_T1_TurnTaking.csv",1.86062708320333,11,49,0.716830347333234,3,43
"1725",10.712124,-0.0835583320412024,-0.366478475498592,0.277403112931786,0.708507997361848,"Study2","G8","T1","TurnTaking","Study2_G8_T1_TurnTaking.csv",1.86062708320333,11,49,0.716830347333234,3,43
"1726",10.713792,-0.0835583320412024,-0.322111538489529,0.15959204742266,0.576052280661178,"Study2","G8","T1","TurnTaking","Study2_G8_T1_TurnTaking.csv",1.86062708320333,11,49,0.716830347333234,3,43
"1727",10.715459,-0.0835583320412024,-0.284317481037365,0.0815331063225674,0.417310245739236,"Study2","G8","T1","TurnTaking","Study2_G8_T1_TurnTaking.csv",1.86062708320333,11,49,0.716830347333234,3,43
"1728",10.717126,-0.014819656064473,-0.284317481037365,0.0199403655864697,0.227701787242768,"Study2","G8","T1","TurnTaking","Study2_G8_T1_TurnTaking.csv",1.86062708320333,11,49,0.716830347333234,3,43
"1729",10.718792,0.00345265020782162,-0.284317481037365,0.0115171346139761,0.0157903868963911,"Study2","G8","T1","TurnTaking","Study2_G8_T1_TurnTaking.csv",1.86062708320333,11,49,0.716830347333234,3,43
"1730",10.720457,0.00345265020782162,-0.284317481037365,0.0586042517114184,-0.184531803371089,"Study2","G8","T1","TurnTaking","Study2_G8_T1_TurnTaking.csv",1.86062708320333,11,49,0.716830347333234,3,43
"1731",10.722125,0.00345265020782162,-0.284317481037365,0.0819022760071201,-0.347013415995958,"Study2","G8","T1","TurnTaking","Study2_G8_T1_TurnTaking.csv",1.86062708320333,11,49,0.716830347333234,3,43
"1732",10.723792,0.00345265020782162,-0.284317481037365,0.0720377707335381,-0.447375156435229,"Study2","G8","T1","TurnTaking","Study2_G8_T1_TurnTaking.csv",1.86062708320333,11,49,0.716830347333234,3,43
"1733",10.725459,0.00345265020782162,-0.284317481037365,0.0545242264511223,-0.483327827946744,"Study2","G8","T1","TurnTaking","Study2_G8_T1_TurnTaking.csv",1.86062708320333,11,49,0.716830347333234,3,43
"1734",10.727124,0.00345265020782162,-0.284317481037365,0.01194232397752,-0.475873779952031,"Study2","G8","T1","TurnTaking","Study2_G8_T1_TurnTaking.csv",1.86062708320333,11,49,0.716830347333234,3,43
"1735",10.728792,0.00345265020782162,-0.284317481037365,-0.0780846613422784,-0.447900985511791,"Study2","G8","T1","TurnTaking","Study2_G8_T1_TurnTaking.csv",1.86062708320333,11,49,0.716830347333234,3,43
"1736",10.730457,0.00345265020782162,-0.284317481037365,-0.146987634068671,-0.425443547489902,"Study2","G8","T1","TurnTaking","Study2_G8_T1_TurnTaking.csv",1.86062708320333,11,49,0.716830347333234,3,43
"1737",10.732125,0.00345265020782162,-0.284317481037365,-0.136042397147988,-0.418168104488096,"Study2","G8","T1","TurnTaking","Study2_G8_T1_TurnTaking.csv",1.86062708320333,11,49,0.716830347333234,3,43
"1738",10.733792,0.00923091210075332,0.159369360069326,-0.0987494246073146,-0.42639220819504,"Study2","G8","T1","TurnTaking","Study2_G8_T1_TurnTaking.csv",1.86062708320333,11,49,0.716830347333234,3,43
"1739",10.73546,0.0107669057684945,0.552827502182807,-0.0734377169305905,-0.456765042891404,"Study2","G8","T1","TurnTaking","Study2_G8_T1_TurnTaking.csv",1.86062708320333,11,49,0.716830347333234,3,43
"1740",10.737123,0.0107669057684945,0.552827502182807,-0.052259365248562,-0.482568756726889,"Study2","G8","T1","TurnTaking","Study2_G8_T1_TurnTaking.csv",1.86062708320333,11,49,0.716830347333234,3,43
"1741",10.738792,0.0107669057684945,0.552827502182807,-0.0249296046558538,-0.503504913882674,"Study2","G8","T1","TurnTaking","Study2_G8_T1_TurnTaking.csv",1.86062708320333,11,49,0.716830347333234,3,43
"1742",10.740459,0.0107669057684945,0.552827502182807,-0.00274077000418009,-0.542081167202938,"Study2","G8","T1","TurnTaking","Study2_G8_T1_TurnTaking.csv",1.86062708320333,11,49,0.716830347333234,3,43
"1743",10.742125,0.0107669057684945,0.552827502182807,-0.01632699867123,-0.606482960687693,"Study2","G8","T1","TurnTaking","Study2_G8_T1_TurnTaking.csv",1.86062708320333,11,49,0.716830347333234,3,43
"1744",10.743792,0.0107669057684945,0.552827502182807,-0.052812839676996,-0.678511130307282,"Study2","G8","T1","TurnTaking","Study2_G8_T1_TurnTaking.csv",1.86062708320333,11,49,0.716830347333234,3,43
"1745",10.745459,0.0107669057684945,0.552827502182807,-0.140966302852609,-0.723173648337919,"Study2","G8","T1","TurnTaking","Study2_G8_T1_TurnTaking.csv",1.86062708320333,11,49,0.716830347333234,3,43
"1746",10.747124,0.0107669057684945,0.26263902004402,-0.277237421140388,-0.736061453664766,"Study2","G8","T1","TurnTaking","Study2_G8_T1_TurnTaking.csv",1.86062708320333,11,49,0.716830347333234,3,43
"1747",10.748791,0.0107669057684945,-0.607926426372339,-0.404030121782194,-0.735368289399162,"Study2","G8","T1","TurnTaking","Study2_G8_T1_TurnTaking.csv",1.86062708320333,11,49,0.716830347333234,3,43
"1748",10.75046,0.00498864387556276,-0.607926426372339,-0.479850516509793,-0.759744161881606,"Study2","G8","T1","TurnTaking","Study2_G8_T1_TurnTaking.csv",1.86062708320333,11,49,0.716830347333234,3,43
"1749",10.752125,0.00345265020782162,-0.607926426372339,-0.428282385289834,-0.815058927057105,"Study2","G8","T1","TurnTaking","Study2_G8_T1_TurnTaking.csv",1.86062708320333,11,49,0.716830347333234,3,43
"1750",10.753792,0.00345265020782162,-0.607926426372339,-0.190601755147367,-0.888432625664792,"Study2","G8","T1","TurnTaking","Study2_G8_T1_TurnTaking.csv",1.86062708320333,11,49,0.716830347333234,3,43
"1751",10.755457,0.00345265020782162,-0.607926426372339,0.131883369721255,-0.965097534968454,"Study2","G8","T1","TurnTaking","Study2_G8_T1_TurnTaking.csv",1.86062708320333,11,49,0.716830347333234,3,43
"1752",10.757124,0.00345265020782162,-0.607926426372339,0.39581963913145,-1.02099647542027,"Study2","G8","T1","TurnTaking","Study2_G8_T1_TurnTaking.csv",1.86062708320333,11,49,0.716830347333234,3,43
"1753",10.758792,0.00345265020782162,-0.439011225314883,0.569308103393265,-1.03404334190294,"Study2","G8","T1","TurnTaking","Study2_G8_T1_TurnTaking.csv",1.86062708320333,11,49,0.716830347333234,3,43
"1754",10.760459,0.00345265020782162,-0.240719467551784,0.655217642307201,-1.00289873962541,"Study2","G8","T1","TurnTaking","Study2_G8_T1_TurnTaking.csv",1.86062708320333,11,49,0.716830347333234,3,43
"1755",10.762125,0.00345265020782162,-0.240719467551784,0.646400032794609,-0.942585887763413,"Study2","G8","T1","TurnTaking","Study2_G8_T1_TurnTaking.csv",1.86062708320333,11,49,0.716830347333234,3,43
"1756",10.763792,0.00345265020782162,-0.240719467551784,0.580181635124839,-0.848546364636967,"Study2","G8","T1","TurnTaking","Study2_G8_T1_TurnTaking.csv",1.86062708320333,11,49,0.716830347333234,3,43
"1757",10.765457,0.00345265020782162,-0.240719467551784,0.517011716346419,-0.711615822522951,"Study2","G8","T1","TurnTaking","Study2_G8_T1_TurnTaking.csv",1.86062708320333,11,49,0.716830347333234,3,43
"1758",10.767125,0.00923091210075332,-0.240719467551784,0.46060572564877,-0.540156741201088,"Study2","G8","T1","TurnTaking","Study2_G8_T1_TurnTaking.csv",1.86062708320333,11,49,0.716830347333234,3,43
"1759",10.768793,0.0107669057684945,-0.240719467551784,0.323637274396906,-0.350226593999345,"Study2","G8","T1","TurnTaking","Study2_G8_T1_TurnTaking.csv",1.86062708320333,11,49,0.716830347333234,3,43
"1760",10.770459,0.0107669057684945,-0.240719467551784,0.15214882471444,-0.156935620098002,"Study2","G8","T1","TurnTaking","Study2_G8_T1_TurnTaking.csv",1.86062708320333,11,49,0.716830347333234,3,43
"1761",10.772124,0.0107669057684945,-0.416170617967175,-0.00882551549685973,0.00531588880996697,"Study2","G8","T1","TurnTaking","Study2_G8_T1_TurnTaking.csv",1.86062708320333,11,49,0.716830347333234,3,43
"1762",10.773792,0.0107669057684945,-0.429376618536075,-0.146723781380621,0.102808679558859,"Study2","G8","T1","TurnTaking","Study2_G8_T1_TurnTaking.csv",1.86062708320333,11,49,0.716830347333234,3,43
"1763",10.775458,0.0107669057684945,-0.429376618536075,-0.252714918701294,0.1261395987082,"Study2","G8","T1","TurnTaking","Study2_G8_T1_TurnTaking.csv",1.86062708320333,11,49,0.716830347333234,3,43
"1764",10.777125,0.0107669057684945,-0.429376618536075,-0.323115969683272,0.0916856684550573,"Study2","G8","T1","TurnTaking","Study2_G8_T1_TurnTaking.csv",1.86062708320333,11,49,0.716830347333234,3,43
"1765",10.778793,0.0107669057684945,-0.429376618536075,-0.317956333169455,-0.00366528893639996,"Study2","G8","T1","TurnTaking","Study2_G8_T1_TurnTaking.csv",1.86062708320333,11,49,0.716830347333234,3,43
"1766",10.780458,0.0107669057684945,-0.429376618536075,-0.267030411549453,-0.140618513313893,"Study2","G8","T1","TurnTaking","Study2_G8_T1_TurnTaking.csv",1.86062708320333,11,49,0.716830347333234,3,43
"1767",10.782124,0.0107669057684945,-0.429376618536075,-0.244331349661526,-0.281619451803802,"Study2","G8","T1","TurnTaking","Study2_G8_T1_TurnTaking.csv",1.86062708320333,11,49,0.716830347333234,3,43
"1768",10.783791,0.0631551677688029,-0.429376618536075,-0.255200063700707,-0.395529636325632,"Study2","G8","T1","TurnTaking","Study2_G8_T1_TurnTaking.csv",1.86062708320333,11,49,0.716830347333234,3,43
"1769",10.785459,0.0770811614650871,-0.547478201917429,-0.266639842347526,-0.480361729693929,"Study2","G8","T1","TurnTaking","Study2_G8_T1_TurnTaking.csv",1.86062708320333,11,49,0.716830347333234,3,43
"1770",10.787125,0.0770811614650871,-0.560600600070912,-0.267228609173725,-0.551950519618506,"Study2","G8","T1","TurnTaking","Study2_G8_T1_TurnTaking.csv",1.86062708320333,11,49,0.716830347333234,3,43
"1771",10.788792,0.0770811614650871,-0.560600600070912,-0.265431721950399,-0.620070064477183,"Study2","G8","T1","TurnTaking","Study2_G8_T1_TurnTaking.csv",1.86062708320333,11,49,0.716830347333234,3,43
"1772",10.790458,0.0770811614650871,-0.560600600070912,-0.154659865224607,-0.683953589639868,"Study2","G8","T1","TurnTaking","Study2_G8_T1_TurnTaking.csv",1.86062708320333,11,49,0.716830347333234,3,43
"1773",10.792124,0.0770811614650871,-0.560600600070912,0.0933251367108834,-0.73466599516587,"Study2","G8","T1","TurnTaking","Study2_G8_T1_TurnTaking.csv",1.86062708320333,11,49,0.716830347333234,3,43
"1774",10.793791,0.0770811614650871,-0.560600600070912,0.341433942136945,-0.768472696303342,"Study2","G8","T1","TurnTaking","Study2_G8_T1_TurnTaking.csv",1.86062708320333,11,49,0.716830347333234,3,43
"1775",10.795459,0.0770811614650871,-0.560600600070912,0.507571392082159,-0.784328311751946,"Study2","G8","T1","TurnTaking","Study2_G8_T1_TurnTaking.csv",1.86062708320333,11,49,0.716830347333234,3,43
"1776",10.797126,0.0770811614650871,-0.560600600070912,0.56668201288151,-0.785080963463269,"Study2","G8","T1","TurnTaking","Study2_G8_T1_TurnTaking.csv",1.86062708320333,11,49,0.716830347333234,3,43
"1777",10.798791,0.0770811614650871,-0.594917204615944,0.534182756311482,-0.774144974041339,"Study2","G8","T1","TurnTaking","Study2_G8_T1_TurnTaking.csv",1.86062708320333,11,49,0.716830347333234,3,43
"1778",10.800458,0.0304810050747341,-0.687699135422881,0.465030608052937,-0.736312813087691,"Study2","G8","T1","TurnTaking","Study2_G8_T1_TurnTaking.csv",1.86062708320333,11,49,0.716830347333234,3,43
"1779",10.802124,0.0180936217304636,-0.687699135422881,0.370774024929935,-0.666299085245131,"Study2","G8","T1","TurnTaking","Study2_G8_T1_TurnTaking.csv",1.86062708320333,11,49,0.716830347333234,3,43
"1780",10.803793,0.0180936217304636,-0.687699135422881,0.237231177048391,-0.578080059175876,"Study2","G8","T1","TurnTaking","Study2_G8_T1_TurnTaking.csv",1.86062708320333,11,49,0.716830347333234,3,43
"1781",10.805459,0.0180936217304636,-0.687699135422881,0.0785648476115332,-0.463652319610701,"Study2","G8","T1","TurnTaking","Study2_G8_T1_TurnTaking.csv",1.86062708320333,11,49,0.716830347333234,3,43
"1782",10.807125,0.0180936217304636,-0.687699135422881,-0.0466311801396613,-0.307392637309827,"Study2","G8","T1","TurnTaking","Study2_G8_T1_TurnTaking.csv",1.86062708320333,11,49,0.716830347333234,3,43
"1783",10.808792,0.0180936217304636,-0.687699135422881,-0.099211026762203,-0.0970440306513871,"Study2","G8","T1","TurnTaking","Study2_G8_T1_TurnTaking.csv",1.86062708320333,11,49,0.716830347333234,3,43
"1784",10.810458,0.0180936217304636,-0.687699135422881,-0.0701416310580987,0.157506173325164,"Study2","G8","T1","TurnTaking","Study2_G8_T1_TurnTaking.csv",1.86062708320333,11,49,0.716830347333234,3,43
"1785",10.812124,0.0180936217304636,-0.685305954151365,0.0940879006600293,0.43787564061342,"Study2","G8","T1","TurnTaking","Study2_G8_T1_TurnTaking.csv",1.86062708320333,11,49,0.716830347333234,3,43
"1786",10.813793,0.0180936217304636,-0.607926426372339,0.32312166927147,0.712408348089541,"Study2","G8","T1","TurnTaking","Study2_G8_T1_TurnTaking.csv",1.86062708320333,11,49,0.716830347333234,3,43
"1787",10.815459,0.0180936217304636,-0.607926426372339,0.526674662814991,0.939909738887083,"Study2","G8","T1","TurnTaking","Study2_G8_T1_TurnTaking.csv",1.86062708320333,11,49,0.716830347333234,3,43
"1788",10.817123,0.153612073996198,-0.607926426372339,0.664190538369958,1.07453696134017,"Study2","G8","T1","TurnTaking","Study2_G8_T1_TurnTaking.csv",1.86062708320333,11,49,0.716830347333234,3,43
"1789",10.818792,0.189635966370634,-0.607926426372339,0.691157067364085,1.10128462824121,"Study2","G8","T1","TurnTaking","Study2_G8_T1_TurnTaking.csv",1.86062708320333,11,49,0.716830347333234,3,43
"1790",10.820458,0.189635966370634,-0.607926426372339,0.588298550492608,1.04354000775885,"Study2","G8","T1","TurnTaking","Study2_G8_T1_TurnTaking.csv",1.86062708320333,11,49,0.716830347333234,3,43
"1791",10.822125,0.189635966370634,-0.607926426372339,0.402811791384431,0.922108156419114,"Study2","G8","T1","TurnTaking","Study2_G8_T1_TurnTaking.csv",1.86062708320333,11,49,0.716830347333234,3,43
"1792",10.823792,0.189635966370634,-0.607926426372339,0.175494801855359,0.765181273198251,"Study2","G8","T1","TurnTaking","Study2_G8_T1_TurnTaking.csv",1.86062708320333,11,49,0.716830347333234,3,43
"1793",10.825459,0.189635966370634,-0.548237433127589,0.00500518304930824,0.576282527033822,"Study2","G8","T1","TurnTaking","Study2_G8_T1_TurnTaking.csv",1.86062708320333,11,49,0.716830347333234,3,43
"1794",10.827123,0.189635966370634,-0.465809775789602,-0.0905167725827496,0.373112357470498,"Study2","G8","T1","TurnTaking","Study2_G8_T1_TurnTaking.csv",1.86062708320333,11,49,0.716830347333234,3,43
"1795",10.828792,0.189635966370634,-0.465809775789602,-0.17225519823835,0.166914319716716,"Study2","G8","T1","TurnTaking","Study2_G8_T1_TurnTaking.csv",1.86062708320333,11,49,0.716830347333234,3,43
"1796",10.830459,0.189635966370634,-0.465809775789602,-0.263300733361569,-0.0461290539672961,"Study2","G8","T1","TurnTaking","Study2_G8_T1_TurnTaking.csv",1.86062708320333,11,49,0.716830347333234,3,43
"1797",10.832126,0.189635966370634,-0.465809775789602,-0.327584547437052,-0.256590929287372,"Study2","G8","T1","TurnTaking","Study2_G8_T1_TurnTaking.csv",1.86062708320333,11,49,0.716830347333234,3,43
"1798",10.833792,0.231629263193879,-0.465809775789602,-0.373667343729538,-0.430182571343235,"Study2","G8","T1","TurnTaking","Study2_G8_T1_TurnTaking.csv",1.86062708320333,11,49,0.716830347333234,3,43
"1799",10.835458,0.242792038298792,-0.465809775789602,-0.370966747044724,-0.570753830728802,"Study2","G8","T1","TurnTaking","Study2_G8_T1_TurnTaking.csv",1.86062708320333,11,49,0.716830347333234,3,43
"1800",10.837124,0.242792038298792,-0.465809775789602,-0.353062521521023,-0.676756892609375,"Study2","G8","T1","TurnTaking","Study2_G8_T1_TurnTaking.csv",1.86062708320333,11,49,0.716830347333234,3,43
"1801",10.838792,0.242792038298792,-0.448253392812525,-0.37481294616491,-0.739507588499954,"Study2","G8","T1","TurnTaking","Study2_G8_T1_TurnTaking.csv",1.86062708320333,11,49,0.716830347333234,3,43
"1802",10.840459,0.242792038298792,-0.445155207581276,-0.495718650780876,-0.762394562970441,"Study2","G8","T1","TurnTaking","Study2_G8_T1_TurnTaking.csv",1.86062708320333,11,49,0.716830347333234,3,43
"1803",10.842126,0.242792038298792,-0.445155207581276,-0.641830634037703,-0.76664855729032,"Study2","G8","T1","TurnTaking","Study2_G8_T1_TurnTaking.csv",1.86062708320333,11,49,0.716830347333234,3,43
"1804",10.843792,0.242792038298792,-0.445155207581276,-0.700423520963816,-0.779129223120557,"Study2","G8","T1","TurnTaking","Study2_G8_T1_TurnTaking.csv",1.86062708320333,11,49,0.716830347333234,3,43
"1805",10.845457,0.242792038298792,-0.445155207581276,-0.663363926405821,-0.797317973280817,"Study2","G8","T1","TurnTaking","Study2_G8_T1_TurnTaking.csv",1.86062708320333,11,49,0.716830347333234,3,43
"1806",10.847125,0.242792038298792,-0.445155207581276,-0.622077422989214,-0.811319206698431,"Study2","G8","T1","TurnTaking","Study2_G8_T1_TurnTaking.csv",1.86062708320333,11,49,0.716830347333234,3,43
"1807",10.848792,0.242792038298792,-0.445155207581276,-0.575129458774386,-0.812141331757635,"Study2","G8","T1","TurnTaking","Study2_G8_T1_TurnTaking.csv",1.86062708320333,11,49,0.716830347333234,3,43
"1808",10.850459,0.159287786786465,-0.429525532232026,-0.532785303818424,-0.785198083830024,"Study2","G8","T1","TurnTaking","Study2_G8_T1_TurnTaking.csv",1.86062708320333,11,49,0.716830347333234,3,43
"1809",10.852124,0.137090454105972,-0.407941694844966,-0.561544910697706,-0.715277082221802,"Study2","G8","T1","TurnTaking","Study2_G8_T1_TurnTaking.csv",1.86062708320333,11,49,0.716830347333234,3,43
"1810",10.853792,0.137090454105972,-0.407941694844966,-0.660255730536666,-0.619364774473243,"Study2","G8","T1","TurnTaking","Study2_G8_T1_TurnTaking.csv",1.86062708320333,11,49,0.716830347333234,3,43
"1811",10.855457,0.137090454105972,-0.407941694844966,-0.795449366318726,-0.545537858563267,"Study2","G8","T1","TurnTaking","Study2_G8_T1_TurnTaking.csv",1.86062708320333,11,49,0.716830347333234,3,43
"1812",10.857125,0.137090454105972,-0.407941694844966,-0.946988087918802,-0.511382934751925,"Study2","G8","T1","TurnTaking","Study2_G8_T1_TurnTaking.csv",1.86062708320333,11,49,0.716830347333234,3,43
"1813",10.858792,0.137090454105972,-0.407941694844966,-1.10060726835726,-0.508448506074529,"Study2","G8","T1","TurnTaking","Study2_G8_T1_TurnTaking.csv",1.86062708320333,11,49,0.716830347333234,3,43
"1814",10.86046,0.137090454105972,-0.407941694844966,-1.24979596442365,-0.52220651144669,"Study2","G8","T1","TurnTaking","Study2_G8_T1_TurnTaking.csv",1.86062708320333,11,49,0.716830347333234,3,43
"1815",10.862123,0.137090454105972,-0.407941694844966,-1.40202731333477,-0.523522225384056,"Study2","G8","T1","TurnTaking","Study2_G8_T1_TurnTaking.csv",1.86062708320333,11,49,0.716830347333234,3,43
"1816",10.863792,0.137090454105972,-0.462606590497373,-1.55445798026375,-0.392211749005317,"Study2","G8","T1","TurnTaking","Study2_G8_T1_TurnTaking.csv",1.86062708320333,11,49,0.716830347333234,3,43
"1817",10.865459,0.137090454105972,-0.486034402919834,-1.67333543638215,-0.103451698755547,"Study2","G8","T1","TurnTaking","Study2_G8_T1_TurnTaking.csv",1.86062708320333,11,49,0.716830347333234,3,43
"1818",10.867125,-0.00299548285877555,-0.486034402919834,-1.66318041305332,0.179085993202993,"Study2","G8","T1","TurnTaking","Study2_G8_T1_TurnTaking.csv",1.86062708320333,11,49,0.716830347333234,3,43
"1819",10.868792,-0.0402335167354803,-0.486034402919834,-1.46331978859147,0.348420217201093,"Study2","G8","T1","TurnTaking","Study2_G8_T1_TurnTaking.csv",1.86062708320333,11,49,0.716830347333234,3,43
"1820",10.870459,-0.0402335167354803,-0.486034402919834,-1.08580238759343,0.424884695182841,"Study2","G8","T1","TurnTaking","Study2_G8_T1_TurnTaking.csv",1.86062708320333,11,49,0.716830347333234,3,43
"1821",10.872124,-0.0402335167354803,-0.486034402919834,-0.584076809863523,0.392851775580359,"Study2","G8","T1","TurnTaking","Study2_G8_T1_TurnTaking.csv",1.86062708320333,11,49,0.716830347333234,3,43
"1822",10.873791,-0.0402335167354803,-0.486034402919834,-0.0555831248424749,0.237096809305767,"Study2","G8","T1","TurnTaking","Study2_G8_T1_TurnTaking.csv",1.86062708320333,11,49,0.716830347333234,3,43
"1823",10.87546,-0.0402335167354803,-0.486034402919834,0.393949590207362,0.144135050333805,"Study2","G8","T1","TurnTaking","Study2_G8_T1_TurnTaking.csv",1.86062708320333,11,49,0.716830347333234,3,43
"1824",10.877125,-0.0402335167354803,-0.501485888816486,0.687378988173553,0.300397015126601,"Study2","G8","T1","TurnTaking","Study2_G8_T1_TurnTaking.csv",1.86062708320333,11,49,0.716830347333234,3,43
"1825",10.878792,-0.0402335167354803,-0.505844000223235,0.77283140650692,0.722134188825505,"Study2","G8","T1","TurnTaking","Study2_G8_T1_TurnTaking.csv",1.86062708320333,11,49,0.716830347333234,3,43
"1826",10.880457,-0.0402335167354803,-0.505844000223235,0.598237673978607,1.18478146383506,"Study2","G8","T1","TurnTaking","Study2_G8_T1_TurnTaking.csv",1.86062708320333,11,49,0.716830347333234,3,43
"1827",10.882124,-0.0402335167354803,-0.505844000223235,0.204729007455056,1.45141632129335,"Study2","G8","T1","TurnTaking","Study2_G8_T1_TurnTaking.csv",1.86062708320333,11,49,0.716830347333234,3,43
"1828",10.883792,-0.108411100841855,-0.505844000223235,-0.230623670330423,1.38832496348339,"Study2","G8","T1","TurnTaking","Study2_G8_T1_TurnTaking.csv",1.86062708320333,11,49,0.716830347333234,3,43
"1829",10.885459,-0.126534256110639,-0.505844000223235,-0.58191209742794,1.16959661570007,"Study2","G8","T1","TurnTaking","Study2_G8_T1_TurnTaking.csv",1.86062708320333,11,49,0.716830347333234,3,43
"1830",10.887125,-0.126534256110639,-0.505844000223235,-0.868216352423224,0.96760264275537,"Study2","G8","T1","TurnTaking","Study2_G8_T1_TurnTaking.csv",1.86062708320333,11,49,0.716830347333234,3,43
"1831",10.888792,-0.126534256110639,-0.471433678464013,-1.12781781907307,0.825385564038199,"Study2","G8","T1","TurnTaking","Study2_G8_T1_TurnTaking.csv",1.86062708320333,11,49,0.716830347333234,3,43
"1832",10.890457,-0.126534256110639,-0.429376618536075,-1.2742132619056,0.740523370307679,"Study2","G8","T1","TurnTaking","Study2_G8_T1_TurnTaking.csv",1.86062708320333,11,49,0.716830347333234,3,43
"1833",10.892125,-0.126534256110639,-0.429376618536075,-1.27302945404915,0.706364166823982,"Study2","G8","T1","TurnTaking","Study2_G8_T1_TurnTaking.csv",1.86062708320333,11,49,0.716830347333234,3,43
"1834",10.893793,-0.126534256110639,-0.429376618536075,-1.22041487522563,0.697546900528773,"Study2","G8","T1","TurnTaking","Study2_G8_T1_TurnTaking.csv",1.86062708320333,11,49,0.716830347333234,3,43
"1835",10.895459,-0.126534256110639,-0.429376618536075,-1.13930543852575,0.699913701996282,"Study2","G8","T1","TurnTaking","Study2_G8_T1_TurnTaking.csv",1.86062708320333,11,49,0.716830347333234,3,43
"1836",10.897124,-0.126534256110639,-0.429376618536075,-1.06173498902646,0.698895139976029,"Study2","G8","T1","TurnTaking","Study2_G8_T1_TurnTaking.csv",1.86062708320333,11,49,0.716830347333234,3,43
"1837",10.898792,-0.126534256110639,-0.429376618536075,-1.12056226228947,0.690727385288413,"Study2","G8","T1","TurnTaking","Study2_G8_T1_TurnTaking.csv",1.86062708320333,11,49,0.716830347333234,3,43
"1838",10.900458,-0.120795369085802,-0.386008983882513,-1.40054368815636,0.664241063712465,"Study2","G8","T1","TurnTaking","Study2_G8_T1_TurnTaking.csv",1.86062708320333,11,49,0.716830347333234,3,43
"1839",10.902125,-0.11926984215515,-0.30546909095447,-1.61702893663439,0.636930191929644,"Study2","G8","T1","TurnTaking","Study2_G8_T1_TurnTaking.csv",1.86062708320333,11,49,0.716830347333234,3,43
"1840",10.903793,-0.11926984215515,-0.30546909095447,-1.68387688345666,0.617167378277581,"Study2","G8","T1","TurnTaking","Study2_G8_T1_TurnTaking.csv",1.86062708320333,11,49,0.716830347333234,3,43
"1841",10.905458,-0.11926984215515,-0.30546909095447,-1.7535762319396,0.581254507718959,"Study2","G8","T1","TurnTaking","Study2_G8_T1_TurnTaking.csv",1.86062708320333,11,49,0.716830347333234,3,43
"1842",10.907124,-0.11926984215515,-0.30546909095447,-1.85614792805464,0.502552046407557,"Study2","G8","T1","TurnTaking","Study2_G8_T1_TurnTaking.csv",1.86062708320333,11,49,0.716830347333234,3,43
"1843",10.908791,-0.11926984215515,-0.30546909095447,-1.94502606179768,0.357331493632345,"Study2","G8","T1","TurnTaking","Study2_G8_T1_TurnTaking.csv",1.86062708320333,11,49,0.716830347333234,3,43
"1844",10.910459,-0.11926984215515,-0.30546909095447,-1.90597597600577,0.260226013231491,"Study2","G8","T1","TurnTaking","Study2_G8_T1_TurnTaking.csv",1.86062708320333,11,49,0.716830347333234,3,43
"1845",10.912125,-0.11926984215515,-0.299313477912092,-1.68146288344957,0.294989791763063,"Study2","G8","T1","TurnTaking","Study2_G8_T1_TurnTaking.csv",1.86062708320333,11,49,0.716830347333234,3,43
"1846",10.913792,-0.11926984215515,-0.287364346712182,-1.24747114774551,0.469121385814256,"Study2","G8","T1","TurnTaking","Study2_G8_T1_TurnTaking.csv",1.86062708320333,11,49,0.716830347333234,3,43
"1847",10.915458,-0.11926984215515,-0.287364346712182,-0.64712964751285,0.733392294919947,"Study2","G8","T1","TurnTaking","Study2_G8_T1_TurnTaking.csv",1.86062708320333,11,49,0.716830347333234,3,43
"1848",10.917124,-0.0910577491651318,-0.287364346712182,-0.0401967598107179,0.940305751235574,"Study2","G8","T1","TurnTaking","Study2_G8_T1_TurnTaking.csv",1.86062708320333,11,49,0.716830347333234,3,43
"1849",10.918791,-0.0835583320412024,-0.287364346712182,0.41872126817861,0.966958124098857,"Study2","G8","T1","TurnTaking","Study2_G8_T1_TurnTaking.csv",1.86062708320333,11,49,0.716830347333234,3,43
"1850",10.920459,-0.0835583320412024,-0.287364346712182,0.695328852858569,0.879970359765849,"Study2","G8","T1","TurnTaking","Study2_G8_T1_TurnTaking.csv",1.86062708320333,11,49,0.716830347333234,3,43
"1851",10.922126,-0.0835583320412024,-0.287364346712182,0.813806888665767,0.768807582239544,"Study2","G8","T1","TurnTaking","Study2_G8_T1_TurnTaking.csv",1.86062708320333,11,49,0.716830347333234,3,43
"1852",10.923791,-0.0835583320412024,-0.224413666366081,0.817991894804493,0.722966585098359,"Study2","G8","T1","TurnTaking","Study2_G8_T1_TurnTaking.csv",1.86062708320333,11,49,0.716830347333234,3,43
"1853",10.925458,-0.0835583320412024,-0.191984528005968,0.770372590756633,0.750283163110983,"Study2","G8","T1","TurnTaking","Study2_G8_T1_TurnTaking.csv",1.86062708320333,11,49,0.716830347333234,3,43
"1854",10.927124,-0.0835583320412024,-0.191984528005968,0.71094389021997,0.772360566227838,"Study2","G8","T1","TurnTaking","Study2_G8_T1_TurnTaking.csv",1.86062708320333,11,49,0.716830347333234,3,43
"1855",10.928793,-0.0835583320412024,-0.191984528005968,0.654120664953193,0.734389601234174,"Study2","G8","T1","TurnTaking","Study2_G8_T1_TurnTaking.csv",1.86062708320333,11,49,0.716830347333234,3,43
"1856",10.930459,-0.0835583320412024,-0.191984528005968,0.595262804945452,0.664929805649969,"Study2","G8","T1","TurnTaking","Study2_G8_T1_TurnTaking.csv",1.86062708320333,11,49,0.716830347333234,3,43
"1857",10.932125,-0.0835583320412024,-0.191984528005968,0.541137823536971,0.666610005016151,"Study2","G8","T1","TurnTaking","Study2_G8_T1_TurnTaking.csv",1.86062708320333,11,49,0.716830347333234,3,43
"1858",10.933792,-0.014672000309118,-0.188021117420161,0.48560663614645,0.782125066670732,"Study2","G8","T1","TurnTaking","Study2_G8_T1_TurnTaking.csv",1.86062708320333,11,49,0.716830347333234,3,43
"1859",10.935458,0.00363955622725872,-0.147946632608117,0.370097419247078,0.953004680355863,"Study2","G8","T1","TurnTaking","Study2_G8_T1_TurnTaking.csv",1.86062708320333,11,49,0.716830347333234,3,43
"1860",10.937124,0.00363955622725872,-0.147946632608117,0.195961927692914,1.10272602189004,"Study2","G8","T1","TurnTaking","Study2_G8_T1_TurnTaking.csv",1.86062708320333,11,49,0.716830347333234,3,43
"1861",10.938793,0.00363955622725872,-0.147946632608117,0.0388068971558838,1.1930656256107,"Study2","G8","T1","TurnTaking","Study2_G8_T1_TurnTaking.csv",1.86062708320333,11,49,0.716830347333234,3,43
"1862",10.940459,0.00363955622725872,-0.147946632608117,-0.0551999502381745,1.21822952842926,"Study2","G8","T1","TurnTaking","Study2_G8_T1_TurnTaking.csv",1.86062708320333,11,49,0.716830347333234,3,43
"1863",10.942123,0.00363955622725872,-0.147946632608117,-0.0979185407285153,1.20448450472991,"Study2","G8","T1","TurnTaking","Study2_G8_T1_TurnTaking.csv",1.86062708320333,11,49,0.716830347333234,3,43
"1864",10.943792,0.00363955622725872,-0.147946632608117,-0.0879515194423787,1.18224418875211,"Study2","G8","T1","TurnTaking","Study2_G8_T1_TurnTaking.csv",1.86062708320333,11,49,0.716830347333234,3,43
"1865",10.945458,0.00363955622725872,-0.103194239753896,0.0445305397977857,1.16624905598477,"Study2","G8","T1","TurnTaking","Study2_G8_T1_TurnTaking.csv",1.86062708320333,11,49,0.716830347333234,3,43
"1866",10.947125,0.00363955622725872,-0.0840146428163729,0.201785397402778,1.15968717702012,"Study2","G8","T1","TurnTaking","Study2_G8_T1_TurnTaking.csv",1.86062708320333,11,49,0.716830347333234,3,43
"1867",10.948792,0.00363955622725872,-0.0840146428163729,0.129158460495759,1.11516403365248,"Study2","G8","T1","TurnTaking","Study2_G8_T1_TurnTaking.csv",1.86062708320333,11,49,0.716830347333234,3,43
"1868",10.950459,0.0266640103457707,-0.0840146428163729,-0.174590098458708,0.990811020619642,"Study2","G8","T1","TurnTaking","Study2_G8_T1_TurnTaking.csv",1.86062708320333,11,49,0.716830347333234,3,43
"1869",10.952123,0.0327844348582871,-0.0840146428163729,-0.544968687684173,0.863871373616048,"Study2","G8","T1","TurnTaking","Study2_G8_T1_TurnTaking.csv",1.86062708320333,11,49,0.716830347333234,3,43
"1870",10.953792,0.0327844348582871,-0.0840146428163729,-0.854577689336638,0.864402766266669,"Study2","G8","T1","TurnTaking","Study2_G8_T1_TurnTaking.csv",1.86062708320333,11,49,0.716830347333234,3,43
"1871",10.955459,0.0327844348582871,-0.0895772353960061,-1.06334521867939,0.974398049174803,"Study2","G8","T1","TurnTaking","Study2_G8_T1_TurnTaking.csv",1.86062708320333,11,49,0.716830347333234,3,43
"1872",10.957126,0.0327844348582871,-0.109299154541978,-1.1843673321883,1.05124541517649,"Study2","G8","T1","TurnTaking","Study2_G8_T1_TurnTaking.csv",1.86062708320333,11,49,0.716830347333234,3,43
"1873",10.958792,0.0327844348582871,-0.109299154541978,-1.26393802034565,1.05293502982185,"Study2","G8","T1","TurnTaking","Study2_G8_T1_TurnTaking.csv",1.86062708320333,11,49,0.716830347333234,3,43
"1874",10.960458,0.0327844348582871,-0.109299154541978,-1.37057887390326,1.02594812923623,"Study2","G8","T1","TurnTaking","Study2_G8_T1_TurnTaking.csv",1.86062708320333,11,49,0.716830347333234,3,43
"1875",10.962124,0.0327844348582871,-0.109299154541978,-1.49071766911384,0.984197928242491,"Study2","G8","T1","TurnTaking","Study2_G8_T1_TurnTaking.csv",1.86062708320333,11,49,0.716830347333234,3,43
"1876",10.963792,0.0327844348582871,-0.109299154541978,-1.59587769847699,0.95223091559426,"Study2","G8","T1","TurnTaking","Study2_G8_T1_TurnTaking.csv",1.86062708320333,11,49,0.716830347333234,3,43
"1877",10.965459,0.0327844348582871,-0.109299154541978,-1.67834426792012,0.948046251966515,"Study2","G8","T1","TurnTaking","Study2_G8_T1_TurnTaking.csv",1.86062708320333,11,49,0.716830347333234,3,43
"1878",10.967126,0.0560845130534636,-0.16081703061525,-1.7681182683696,0.961970165970266,"Study2","G8","T1","TurnTaking","Study2_G8_T1_TurnTaking.csv",1.86062708320333,11,49,0.716830347333234,3,43
"1879",10.968792,0.0622782047255989,-0.256493086179896,-1.87871455942143,0.987253043680269,"Study2","G8","T1","TurnTaking","Study2_G8_T1_TurnTaking.csv",1.86062708320333,11,49,0.716830347333234,3,43
"1880",10.970457,0.0622782047255989,-0.256493086179896,-1.92621174056909,1.01074587710034,"Study2","G8","T1","TurnTaking","Study2_G8_T1_TurnTaking.csv",1.86062708320333,11,49,0.716830347333234,3,43
"1881",10.972125,0.0622782047255989,-0.256493086179896,-1.88134759637338,1.01162206868695,"Study2","G8","T1","TurnTaking","Study2_G8_T1_TurnTaking.csv",1.86062708320333,11,49,0.716830347333234,3,43
"1882",10.973792,0.0622782047255989,-0.256493086179896,-1.71058090423504,0.960236470699659,"Study2","G8","T1","TurnTaking","Study2_G8_T1_TurnTaking.csv",1.86062708320333,11,49,0.716830347333234,3,43
"1883",10.975459,0.0622782047255989,-0.256493086179896,-1.4188189880337,0.850157876836368,"Study2","G8","T1","TurnTaking","Study2_G8_T1_TurnTaking.csv",1.86062708320333,11,49,0.716830347333234,3,43
"1884",10.977124,0.0622782047255989,-0.256493086179896,-1.03729864485365,0.697811241624506,"Study2","G8","T1","TurnTaking","Study2_G8_T1_TurnTaking.csv",1.86062708320333,11,49,0.716830347333234,3,43
"1885",10.978792,0.0622782047255989,-0.256493086179896,-0.596023790683929,0.469786446898068,"Study2","G8","T1","TurnTaking","Study2_G8_T1_TurnTaking.csv",1.86062708320333,11,49,0.716830347333234,3,43
"1886",10.980457,0.0622782047255989,-0.401403384538913,-0.151551445276736,0.19398410329026,"Study2","G8","T1","TurnTaking","Study2_G8_T1_TurnTaking.csv",1.86062708320333,11,49,0.716830347333234,3,43
"1887",10.982125,0.0622782047255989,-0.439923843596373,0.229784593159432,-0.121907072503462,"Study2","G8","T1","TurnTaking","Study2_G8_T1_TurnTaking.csv",1.86062708320333,11,49,0.716830347333234,3,43
"1888",10.983792,-0.0243957236683713,-0.439923843596373,0.499779614931256,-0.448750500474061,"Study2","G8","T1","TurnTaking","Study2_G8_T1_TurnTaking.csv",1.86062708320333,11,49,0.716830347333234,3,43
"1889",10.98546,-0.0474356286844901,-0.439923843596373,0.662254386224659,-0.726608798680733,"Study2","G8","T1","TurnTaking","Study2_G8_T1_TurnTaking.csv",1.86062708320333,11,49,0.716830347333234,3,43
"1890",10.987123,-0.0474356286844901,-0.439923843596373,0.736143334459995,-0.877986088104414,"Study2","G8","T1","TurnTaking","Study2_G8_T1_TurnTaking.csv",1.86062708320333,11,49,0.716830347333234,3,43
"1891",10.988792,-0.0474356286844901,-0.439923843596373,0.727243039901212,-0.851672665291567,"Study2","G8","T1","TurnTaking","Study2_G8_T1_TurnTaking.csv",1.86062708320333,11,49,0.716830347333234,3,43
"1892",10.990459,-0.0474356286844901,-0.439923843596373,0.622366694192466,-0.611654802071761,"Study2","G8","T1","TurnTaking","Study2_G8_T1_TurnTaking.csv",1.86062708320333,11,49,0.716830347333234,3,43
"1893",10.992125,-0.0474356286844901,-0.439923843596373,0.401440877800156,-0.197327310430834,"Study2","G8","T1","TurnTaking","Study2_G8_T1_TurnTaking.csv",1.86062708320333,11,49,0.716830347333234,3,43
"1894",10.993792,-0.0474356286844901,-0.521623185718486,0.0932534315217745,0.289670016371291,"Study2","G8","T1","TurnTaking","Study2_G8_T1_TurnTaking.csv",1.86062708320333,11,49,0.716830347333234,3,43
"1895",10.995459,-0.0474356286844901,-0.537184965170317,-0.283525181949733,0.728694926544192,"Study2","G8","T1","TurnTaking","Study2_G8_T1_TurnTaking.csv",1.86062708320333,11,49,0.716830347333234,3,43
"1896",10.997124,-0.0474356286844901,-0.537184965170317,-0.669542448841132,1.05223487542474,"Study2","G8","T1","TurnTaking","Study2_G8_T1_TurnTaking.csv",1.86062708320333,11,49,0.716830347333234,3,43
"1897",10.998791,-0.0474356286844901,-0.537184965170317,-1.00908030011279,1.27869074226619,"Study2","G8","T1","TurnTaking","Study2_G8_T1_TurnTaking.csv",1.86062708320333,11,49,0.716830347333234,3,43
"1898",11.00046,0.0626663462259643,-0.537184965170317,-1.2818751854406,1.39138578515098,"Study2","G8","T1","TurnTaking","Study2_G8_T1_TurnTaking.csv",1.86062708320333,11,49,0.716830347333234,3,43
"1899",11.002125,0.091933959809757,-0.537184965170317,-1.47284212566578,1.41933817981966,"Study2","G8","T1","TurnTaking","Study2_G8_T1_TurnTaking.csv",1.86062708320333,11,49,0.716830347333234,3,43
"1900",11.003792,0.091933959809757,-0.537184965170317,-1.58226581279697,1.41092477193893,"Study2","G8","T1","TurnTaking","Study2_G8_T1_TurnTaking.csv",1.86062708320333,11,49,0.716830347333234,3,43
"1901",11.005457,0.091933959809757,-0.441487238587168,-1.63633309393608,1.38656245175227,"Study2","G8","T1","TurnTaking","Study2_G8_T1_TurnTaking.csv",1.86062708320333,11,49,0.716830347333234,3,43
"1902",11.007124,0.091933959809757,-0.369294216778827,-1.71549024482312,1.3561355505285,"Study2","G8","T1","TurnTaking","Study2_G8_T1_TurnTaking.csv",1.86062708320333,11,49,0.716830347333234,3,43
"1903",11.008792,0.091933959809757,-0.369294216778827,-1.83545212988744,1.30034945077108,"Study2","G8","T1","TurnTaking","Study2_G8_T1_TurnTaking.csv",1.86062708320333,11,49,0.716830347333234,3,43
"1904",11.010459,0.091933959809757,-0.369294216778827,-1.94168908155953,1.2095135477131,"Study2","G8","T1","TurnTaking","Study2_G8_T1_TurnTaking.csv",1.86062708320333,11,49,0.716830347333234,3,43
"1905",11.012125,0.091933959809757,-0.369294216778827,-1.9919668554936,1.11064584089261,"Study2","G8","T1","TurnTaking","Study2_G8_T1_TurnTaking.csv",1.86062708320333,11,49,0.716830347333234,3,43
"1906",11.013792,0.091933959809757,-0.369294216778827,-1.98481840833623,1.01514224185386,"Study2","G8","T1","TurnTaking","Study2_G8_T1_TurnTaking.csv",1.86062708320333,11,49,0.716830347333234,3,43
"1907",11.015457,0.091933959809757,-0.369294216778827,-1.9467667052633,0.885690569834211,"Study2","G8","T1","TurnTaking","Study2_G8_T1_TurnTaking.csv",1.86062708320333,11,49,0.716830347333234,3,43
"1908",11.017125,0.0568509523371726,-0.353280651265801,-1.88994011881579,0.793566628053416,"Study2","G8","T1","TurnTaking","Study2_G8_T1_TurnTaking.csv",1.86062708320333,11,49,0.716830347333234,3,43
"1909",11.018793,0.0475250895912957,-0.332053366748534,-1.85144373153102,0.802286603130444,"Study2","G8","T1","TurnTaking","Study2_G8_T1_TurnTaking.csv",1.86062708320333,11,49,0.716830347333234,3,43
"1910",11.020459,0.0475250895912957,-0.332053366748534,-1.86524574800155,0.842147756747125,"Study2","G8","T1","TurnTaking","Study2_G8_T1_TurnTaking.csv",1.86062708320333,11,49,0.716830347333234,3,43
"1911",11.022124,0.0475250895912957,-0.332053366748534,-1.85511918266964,0.861784748031981,"Study2","G8","T1","TurnTaking","Study2_G8_T1_TurnTaking.csv",1.86062708320333,11,49,0.716830347333234,3,43
"1912",11.023792,0.0475250895912957,-0.332053366748534,-1.79125562822595,0.872834434082783,"Study2","G8","T1","TurnTaking","Study2_G8_T1_TurnTaking.csv",1.86062708320333,11,49,0.716830347333234,3,43
"1913",11.025458,0.0475250895912957,-0.332053366748534,-1.66996809347798,0.874696519524009,"Study2","G8","T1","TurnTaking","Study2_G8_T1_TurnTaking.csv",1.86062708320333,11,49,0.716830347333234,3,43
"1914",11.027125,0.0475250895912957,-0.332053366748534,-1.474138533077,0.852051774508759,"Study2","G8","T1","TurnTaking","Study2_G8_T1_TurnTaking.csv",1.86062708320333,11,49,0.716830347333234,3,43
"1915",11.028793,0.0475250895912957,-0.326406177670066,-1.21087931750709,0.819404151300497,"Study2","G8","T1","TurnTaking","Study2_G8_T1_TurnTaking.csv",1.86062708320333,11,49,0.716830347333234,3,43
"1916",11.030458,0.0475250895912957,-0.314405900878323,-0.917302139627719,0.725202999214816,"Study2","G8","T1","TurnTaking","Study2_G8_T1_TurnTaking.csv",1.86062708320333,11,49,0.716830347333234,3,43
"1917",11.032124,0.0475250895912957,-0.314405900878323,-0.602995551773757,0.513856658274912,"Study2","G8","T1","TurnTaking","Study2_G8_T1_TurnTaking.csv",1.86062708320333,11,49,0.716830347333234,3,43
"1918",11.033791,0.0591800505473958,-0.314405900878323,-0.298053101420627,0.220788689833601,"Study2","G8","T1","TurnTaking","Study2_G8_T1_TurnTaking.csv",1.86062708320333,11,49,0.716830347333234,3,43
"1919",11.035459,0.0622782047255989,-0.314405900878323,-0.0914024437076024,-0.0139006959939802,"Study2","G8","T1","TurnTaking","Study2_G8_T1_TurnTaking.csv",1.86062708320333,11,49,0.716830347333234,3,43
"1920",11.037125,0.0622782047255989,-0.314405900878323,-0.0960558864020536,-0.0564470587013084,"Study2","G8","T1","TurnTaking","Study2_G8_T1_TurnTaking.csv",1.86062708320333,11,49,0.716830347333234,3,43
"1921",11.038792,0.0622782047255989,-0.314405900878323,-0.27617047033432,0.0896217251344664,"Study2","G8","T1","TurnTaking","Study2_G8_T1_TurnTaking.csv",1.86062708320333,11,49,0.716830347333234,3,43
"1922",11.040458,0.0622782047255989,-0.296223121087757,-0.532908995269637,0.316452063306902,"Study2","G8","T1","TurnTaking","Study2_G8_T1_TurnTaking.csv",1.86062708320333,11,49,0.716830347333234,3,43
"1923",11.042124,0.0622782047255989,-0.268948951401907,-0.839595338229766,0.522312577567698,"Study2","G8","T1","TurnTaking","Study2_G8_T1_TurnTaking.csv",1.86062708320333,11,49,0.716830347333234,3,43
"1924",11.043791,0.0622782047255989,-0.268948951401907,-1.17945720732471,0.667026987759176,"Study2","G8","T1","TurnTaking","Study2_G8_T1_TurnTaking.csv",1.86062708320333,11,49,0.716830347333234,3,43
"1925",11.045459,0.0622782047255989,-0.268948951401907,-1.47459979911381,0.734972920576025,"Study2","G8","T1","TurnTaking","Study2_G8_T1_TurnTaking.csv",1.86062708320333,11,49,0.716830347333234,3,43
"1926",11.047126,0.0622782047255989,-0.268948951401907,-1.67171512318701,0.744276357650649,"Study2","G8","T1","TurnTaking","Study2_G8_T1_TurnTaking.csv",1.86062708320333,11,49,0.716830347333234,3,43
"1927",11.048791,0.0622782047255989,-0.268948951401907,-1.77781852394438,0.722553026093216,"Study2","G8","T1","TurnTaking","Study2_G8_T1_TurnTaking.csv",1.86062708320333,11,49,0.716830347333234,3,43
"1928",11.050458,0.0857062512420831,-0.268948951401907,-1.80120158611279,0.695258987688323,"Study2","G8","T1","TurnTaking","Study2_G8_T1_TurnTaking.csv",1.86062708320333,11,49,0.716830347333234,3,43
"1929",11.052124,0.091933959809757,-0.232333280432916,-1.67270353440313,0.672514240995734,"Study2","G8","T1","TurnTaking","Study2_G8_T1_TurnTaking.csv",1.86062708320333,11,49,0.716830347333234,3,43
"1930",11.053793,0.091933959809757,-0.211736965512859,-1.37984475288714,0.61660431605154,"Study2","G8","T1","TurnTaking","Study2_G8_T1_TurnTaking.csv",1.86062708320333,11,49,0.716830347333234,3,43
"1931",11.055459,0.091933959809757,-0.211736965512859,-0.988592222915289,0.493209379003022,"Study2","G8","T1","TurnTaking","Study2_G8_T1_TurnTaking.csv",1.86062708320333,11,49,0.716830347333234,3,43
"1932",11.057125,0.091933959809757,-0.211736965512859,-0.57989494082682,0.269639152574122,"Study2","G8","T1","TurnTaking","Study2_G8_T1_TurnTaking.csv",1.86062708320333,11,49,0.716830347333234,3,43
"1933",11.058792,0.091933959809757,-0.211736965512859,-0.311985867821918,-0.0120811219648027,"Study2","G8","T1","TurnTaking","Study2_G8_T1_TurnTaking.csv",1.86062708320333,11,49,0.716830347333234,3,43
"1934",11.060458,0.091933959809757,-0.211736965512859,-0.19998471526034,-0.306382064011302,"Study2","G8","T1","TurnTaking","Study2_G8_T1_TurnTaking.csv",1.86062708320333,11,49,0.716830347333234,3,43
"1935",11.062124,0.091933959809757,-0.210871963827071,-0.0971464775126566,-0.586891761897024,"Study2","G8","T1","TurnTaking","Study2_G8_T1_TurnTaking.csv",1.86062708320333,11,49,0.716830347333234,3,43
"1936",11.063793,0.091933959809757,-0.168486881223424,0.014261314609045,-0.80287341596355,"Study2","G8","T1","TurnTaking","Study2_G8_T1_TurnTaking.csv",1.86062708320333,11,49,0.716830347333234,3,43
"1937",11.065459,0.091933959809757,-0.168486881223424,0.0834517803280203,-0.919869386908362,"Study2","G8","T1","TurnTaking","Study2_G8_T1_TurnTaking.csv",1.86062708320333,11,49,0.716830347333234,3,43
"1938",11.067123,0.0220927875263711,-0.168486881223424,0.0632920904887702,-0.926926709275859,"Study2","G8","T1","TurnTaking","Study2_G8_T1_TurnTaking.csv",1.86062708320333,11,49,0.716830347333234,3,43
"1939",11.068792,0.00352741261559752,-0.168486881223424,-0.0050608810292846,-0.831720119498476,"Study2","G8","T1","TurnTaking","Study2_G8_T1_TurnTaking.csv",1.86062708320333,11,49,0.716830347333234,3,43
"1940",11.070458,0.00352741261559752,-0.168486881223424,-0.0688897032720005,-0.639416466009202,"Study2","G8","T1","TurnTaking","Study2_G8_T1_TurnTaking.csv",1.86062708320333,11,49,0.716830347333234,3,43
"1941",11.072125,0.00352741261559752,-0.168486881223424,-0.109739477271191,-0.349438135695993,"Study2","G8","T1","TurnTaking","Study2_G8_T1_TurnTaking.csv",1.86062708320333,11,49,0.716830347333234,3,43
"1942",11.073792,0.00352741261559752,-0.148586921737367,-0.146416121303601,0.0147106255614762,"Study2","G8","T1","TurnTaking","Study2_G8_T1_TurnTaking.csv",1.86062708320333,11,49,0.716830347333234,3,43
"1943",11.075459,0.00352741261559752,-0.127028632294138,-0.217350703708292,0.396052399878174,"Study2","G8","T1","TurnTaking","Study2_G8_T1_TurnTaking.csv",1.86062708320333,11,49,0.716830347333234,3,43
"1944",11.077123,0.00352741261559752,-0.127028632294138,-0.344318185748551,0.75518096280865,"Study2","G8","T1","TurnTaking","Study2_G8_T1_TurnTaking.csv",1.86062708320333,11,49,0.716830347333234,3,43
"1945",11.078792,0.00352741261559752,-0.127028632294138,-0.508752749491787,1.08789496000298,"Study2","G8","T1","TurnTaking","Study2_G8_T1_TurnTaking.csv",1.86062708320333,11,49,0.716830347333234,3,43
"1946",11.080459,0.00352741261559752,-0.127028632294138,-0.645810159993889,1.40213946053063,"Study2","G8","T1","TurnTaking","Study2_G8_T1_TurnTaking.csv",1.86062708320333,11,49,0.716830347333234,3,43
"1947",11.082126,0.00352741261559752,-0.127028632294138,-0.654888597131865,1.68000075450795,"Study2","G8","T1","TurnTaking","Study2_G8_T1_TurnTaking.csv",1.86062708320333,11,49,0.716830347333234,3,43
"1948",11.083792,-0.00806848603836056,-0.113945202210623,-0.420595925135435,1.92996685877038,"Study2","G8","T1","TurnTaking","Study2_G8_T1_TurnTaking.csv",1.86062708320333,11,49,0.716830347333234,3,43
"1949",11.085458,-0.0111509401109315,-0.0581684739598463,-0.0648970687109307,2.16884347602912,"Study2","G8","T1","TurnTaking","Study2_G8_T1_TurnTaking.csv",1.86062708320333,11,49,0.716830347333234,3,43
"1950",11.087124,-0.0111509401109315,-0.0581684739598463,0.235457481972167,2.37963674064514,"Study2","G8","T1","TurnTaking","Study2_G8_T1_TurnTaking.csv",1.86062708320333,11,49,0.716830347333234,3,43
"1951",11.088792,-0.0111509401109315,-0.0581684739598463,0.428213130547542,-2.147772894301e-16,"Study2","G8","T1","TurnTaking","Study2_G8_T1_TurnTaking.csv",1.86062708320333,11,49,0.716830347333234,3,43
"1952",11.090459,-0.0111509401109315,-0.0581684739598463,0.474945306958895,-2.147772894301e-16,"Study2","G8","T1","TurnTaking","Study2_G8_T1_TurnTaking.csv",1.86062708320333,11,49,0.716830347333234,3,43
"1953",11.092126,-0.0111509401109315,-0.0581684739598463,0.403960755000544,-2.147772894301e-16,"Study2","G8","T1","TurnTaking","Study2_G8_T1_TurnTaking.csv",1.86062708320333,11,49,0.716830347333234,3,43
"1954",11.093792,-0.0111509401109315,-0.0496591199055438,0.293657782987909,-2.147772894301e-16,"Study2","G8","T1","TurnTaking","Study2_G8_T1_TurnTaking.csv",1.86062708320333,11,49,0.716830347333234,3,43
"1955",11.095457,-0.0111509401109315,0.0269250665831789,0.216552632942323,2.45134707326457,"Study2","G8","T1","TurnTaking","Study2_G8_T1_TurnTaking.csv",1.86062708320333,11,49,0.716830347333234,3,43
"1956",11.097125,-0.0111509401109315,0.0269250665831789,0.178414883642461,2.29051113731556,"Study2","G8","T1","TurnTaking","Study2_G8_T1_TurnTaking.csv",1.86062708320333,11,49,0.716830347333234,3,43
"1957",11.098792,-0.0111509401109315,0.0269250665831789,0.157082701921923,2.08213503164508,"Study2","G8","T1","TurnTaking","Study2_G8_T1_TurnTaking.csv",1.86062708320333,11,49,0.716830347333234,3,43
"1958",11.100459,0.0177502130707489,0.0269250665831789,0.125873130401634,1.82604428827683,"Study2","G8","T1","TurnTaking","Study2_G8_T1_TurnTaking.csv",1.86062708320333,11,49,0.716830347333234,3,43
"1959",11.102124,0.0254327980937272,0.0269250665831789,0.032392980029451,1.56233401624952,"Study2","G8","T1","TurnTaking","Study2_G8_T1_TurnTaking.csv",1.86062708320333,11,49,0.716830347333234,3,43
"1960",11.103792,0.0254327980937272,0.0269250665831789,-0.0485495180270403,1.31310059189409,"Study2","G8","T1","TurnTaking","Study2_G8_T1_TurnTaking.csv",1.86062708320333,11,49,0.716830347333234,3,43
"1961",11.105457,0.0254327980937272,-0.00218756097510329,-0.0480052308259607,1.07690989700472,"Study2","G8","T1","TurnTaking","Study2_G8_T1_TurnTaking.csv",1.86062708320333,11,49,0.716830347333234,3,43
"1962",11.107125,0.0254327980937272,-0.00471909380625845,-0.0497011705877439,0.850902539825965,"Study2","G8","T1","TurnTaking","Study2_G8_T1_TurnTaking.csv",1.86062708320333,11,49,0.716830347333234,3,43
"1963",11.108792,0.0254327980937272,-0.00471909380625845,-0.0944869992722228,0.624924427074958,"Study2","G8","T1","TurnTaking","Study2_G8_T1_TurnTaking.csv",1.86062708320333,11,49,0.716830347333234,3,43
"1964",11.11046,0.0254327980937272,-0.00471909380625845,-0.129415829320104,0.404023146981761,"Study2","G8","T1","TurnTaking","Study2_G8_T1_TurnTaking.csv",1.86062708320333,11,49,0.716830347333234,3,43
"1965",11.112123,0.0254327980937272,-0.00471909380625845,-0.130359424793034,0.22318687556504,"Study2","G8","T1","TurnTaking","Study2_G8_T1_TurnTaking.csv",1.86062708320333,11,49,0.716830347333234,3,43
"1966",11.113792,0.0254327980937272,-0.00471909380625845,-0.116309577262651,0.0923819711470539,"Study2","G8","T1","TurnTaking","Study2_G8_T1_TurnTaking.csv",1.86062708320333,11,49,0.716830347333234,3,43
"1967",11.115459,0.0254327980937272,-0.0244544330783679,-0.127884587414555,0.00870752915051576,"Study2","G8","T1","TurnTaking","Study2_G8_T1_TurnTaking.csv",1.86062708320333,11,49,0.716830347333234,3,43
"1968",11.117125,0.125238244997357,-0.0355555614189298,-0.15662626799656,-0.0484940009101176,"Study2","G8","T1","TurnTaking","Study2_G8_T1_TurnTaking.csv",1.86062708320333,11,49,0.716830347333234,3,43
"1969",11.118792,0.151768806832499,-0.0355555614189298,-0.220243335852688,-0.100138233763332,"Study2","G8","T1","TurnTaking","Study2_G8_T1_TurnTaking.csv",1.86062708320333,11,49,0.716830347333234,3,43
"1970",11.120459,0.151768806832499,-0.0355555614189298,-0.302357653554321,-0.155606781832084,"Study2","G8","T1","TurnTaking","Study2_G8_T1_TurnTaking.csv",1.86062708320333,11,49,0.716830347333234,3,43
"1971",11.122124,0.151768806832499,-0.0355555614189298,-0.355614554017151,-0.207901667538852,"Study2","G8","T1","TurnTaking","Study2_G8_T1_TurnTaking.csv",1.86062708320333,11,49,0.716830347333234,3,43
"1972",11.123791,0.151768806832499,-0.0355555614189298,-0.363721834000134,-0.25777525728347,"Study2","G8","T1","TurnTaking","Study2_G8_T1_TurnTaking.csv",1.86062708320333,11,49,0.716830347333234,3,43
"1973",11.12546,0.151768806832499,-0.0355555614189298,-0.397742697090924,-0.318232191448048,"Study2","G8","T1","TurnTaking","Study2_G8_T1_TurnTaking.csv",1.86062708320333,11,49,0.716830347333234,3,43
"1974",11.127125,0.151768806832499,-0.201095054007039,-0.493479768290308,-0.386125198983454,"Study2","G8","T1","TurnTaking","Study2_G8_T1_TurnTaking.csv",1.86062708320333,11,49,0.716830347333234,3,43
"1975",11.128792,0.151768806832499,-0.272040550830515,-0.593421452516066,-0.458633119873926,"Study2","G8","T1","TurnTaking","Study2_G8_T1_TurnTaking.csv",1.86062708320333,11,49,0.716830347333234,3,43
"1976",11.130457,0.151768806832499,-0.272040550830515,-0.680723192492295,-0.544466228605824,"Study2","G8","T1","TurnTaking","Study2_G8_T1_TurnTaking.csv",1.86062708320333,11,49,0.716830347333234,3,43
"1977",11.132124,0.151768806832499,-0.272040550830515,-0.747776843575825,-0.597224602828531,"Study2","G8","T1","TurnTaking","Study2_G8_T1_TurnTaking.csv",1.86062708320333,11,49,0.716830347333234,3,43
"1978",11.133792,0.254113932728253,-0.272040550830515,-0.774302273617575,-0.599279986804414,"Study2","G8","T1","TurnTaking","Study2_G8_T1_TurnTaking.csv",1.86062708320333,11,49,0.716830347333234,3,43
"1979",11.135459,0.281319599105606,-0.272040550830515,-0.632424257698912,-0.521889102413769,"Study2","G8","T1","TurnTaking","Study2_G8_T1_TurnTaking.csv",1.86062708320333,11,49,0.716830347333234,3,43
"1980",11.137125,0.281319599105606,-0.272040550830515,-0.33295627445553,-0.499494432919737,"Study2","G8","T1","TurnTaking","Study2_G8_T1_TurnTaking.csv",1.86062708320333,11,49,0.716830347333234,3,43
"1981",11.138792,0.281319599105606,-0.272040550830515,-0.073136219018259,-0.571241000098433,"Study2","G8","T1","TurnTaking","Study2_G8_T1_TurnTaking.csv",1.86062708320333,11,49,0.716830347333234,3,43
"1982",11.140457,0.281319599105606,-0.272040550830515,0.0844897129403716,-0.671793899236182,"Study2","G8","T1","TurnTaking","Study2_G8_T1_TurnTaking.csv",1.86062708320333,11,49,0.716830347333234,3,43
"1983",11.142125,0.281319599105606,-0.272040550830515,0.171549111785284,-0.763792161305513,"Study2","G8","T1","TurnTaking","Study2_G8_T1_TurnTaking.csv",1.86062708320333,11,49,0.716830347333234,3,43
"1984",11.143793,0.281319599105606,-0.863588105027451,0.193425244588828,-0.830278440538157,"Study2","G8","T1","TurnTaking","Study2_G8_T1_TurnTaking.csv",1.86062708320333,11,49,0.716830347333234,3,43
"1985",11.145459,0.281319599105606,-0.881883390208799,0.157273280869851,-0.884570934644029,"Study2","G8","T1","TurnTaking","Study2_G8_T1_TurnTaking.csv",1.86062708320333,11,49,0.716830347333234,3,43
"1986",11.147124,0.281319599105606,-0.881883390208799,0.104826985162025,-0.94105405037217,"Study2","G8","T1","TurnTaking","Study2_G8_T1_TurnTaking.csv",1.86062708320333,11,49,0.716830347333234,3,43
"1987",11.148792,0.281319599105606,-0.881883390208799,0.0461793109898583,-0.997275250152246,"Study2","G8","T1","TurnTaking","Study2_G8_T1_TurnTaking.csv",1.86062708320333,11,49,0.716830347333234,3,43
"1988",11.150458,0.348709685850082,-0.881883390208799,-0.0498722546873835,-1.04220353583607,"Study2","G8","T1","TurnTaking","Study2_G8_T1_TurnTaking.csv",1.86062708320333,11,49,0.716830347333234,3,43
"1989",11.152125,0.366623506377095,-0.881883390208799,-0.167584613522127,-1.07299963012824,"Study2","G8","T1","TurnTaking","Study2_G8_T1_TurnTaking.csv",1.86062708320333,11,49,0.716830347333234,3,43
"1990",11.153793,0.366623506377095,-0.881883390208799,-0.170757568140196,-1.08909305270398,"Study2","G8","T1","TurnTaking","Study2_G8_T1_TurnTaking.csv",1.86062708320333,11,49,0.716830347333234,3,43
"1991",11.155458,0.366623506377095,-0.881883390208799,0.00614776042201569,-1.07152385644484,"Study2","G8","T1","TurnTaking","Study2_G8_T1_TurnTaking.csv",1.86062708320333,11,49,0.716830347333234,3,43
"1992",11.157124,0.366623506377095,-0.880560737369652,0.237481248895408,-0.99338260283479,"Study2","G8","T1","TurnTaking","Study2_G8_T1_TurnTaking.csv",1.86062708320333,11,49,0.716830347333234,3,43
"1993",11.158791,0.366623506377095,-0.749618106294069,0.428185904983552,-0.818868263419403,"Study2","G8","T1","TurnTaking","Study2_G8_T1_TurnTaking.csv",1.86062708320333,11,49,0.716830347333234,3,43
"1994",11.160459,0.366623506377095,-0.749618106294069,0.54461843823206,-0.566904836069356,"Study2","G8","T1","TurnTaking","Study2_G8_T1_TurnTaking.csv",1.86062708320333,11,49,0.716830347333234,3,43
"1995",11.162125,0.366623506377095,-0.749618106294069,0.587139839452352,-0.278202133429129,"Study2","G8","T1","TurnTaking","Study2_G8_T1_TurnTaking.csv",1.86062708320333,11,49,0.716830347333234,3,43
"1996",11.163792,0.366623506377095,-0.749618106294069,0.563488667100288,0.0164266315196866,"Study2","G8","T1","TurnTaking","Study2_G8_T1_TurnTaking.csv",1.86062708320333,11,49,0.716830347333234,3,43
"1997",11.165458,0.366623506377095,-0.749618106294069,0.476942856672368,0.291206704057869,"Study2","G8","T1","TurnTaking","Study2_G8_T1_TurnTaking.csv",1.86062708320333,11,49,0.716830347333234,3,43
"1998",11.167124,0.45409477584999,-0.749618106294069,0.374648345928975,0.451497409748979,"Study2","G8","T1","TurnTaking","Study2_G8_T1_TurnTaking.csv",1.86062708320333,11,49,0.716830347333234,3,43
"1999",11.168791,0.477346632292151,-0.749618106294069,0.255585352633751,0.453977479878124,"Study2","G8","T1","TurnTaking","Study2_G8_T1_TurnTaking.csv",1.86062708320333,11,49,0.716830347333234,3,43
"2000",11.170459,0.477346632292151,-0.749618106294069,0.152630593953766,1.02820722561616,"Study2","G8","T1","TurnTaking","Study2_G8_T1_TurnTaking.csv",1.86062708320333,11,49,0.716830347333234,3,43
"2001",11.172126,0.477346632292151,-0.674940497243968,0.0210757724402656,1.37874320505002,"Study2","G8","T1","TurnTaking","Study2_G8_T1_TurnTaking.csv",1.86062708320333,11,49,0.716830347333234,3,43
"2002",11.173791,0.477346632292151,-0.638158988308843,-0.0941886384619147,1.57479043060308,"Study2","G8","T1","TurnTaking","Study2_G8_T1_TurnTaking.csv",1.86062708320333,11,49,0.716830347333234,3,43
"2003",11.175458,0.477346632292151,-0.638158988308843,-0.163580887064617,1.6936272312831,"Study2","G8","T1","TurnTaking","Study2_G8_T1_TurnTaking.csv",1.86062708320333,11,49,0.716830347333234,3,43
"2004",11.177124,0.477346632292151,-0.638158988308843,-0.212628132729966,1.76393254746871,"Study2","G8","T1","TurnTaking","Study2_G8_T1_TurnTaking.csv",1.86062708320333,11,49,0.716830347333234,3,43
"2005",11.178793,0.477346632292151,-0.638158988308843,-0.220991758764013,1.77991840761262,"Study2","G8","T1","TurnTaking","Study2_G8_T1_TurnTaking.csv",1.86062708320333,11,49,0.716830347333234,3,43
"2006",11.180459,0.477346632292151,-0.638158988308843,-0.229693743659167,1.73431949727092,"Study2","G8","T1","TurnTaking","Study2_G8_T1_TurnTaking.csv",1.86062708320333,11,49,0.716830347333234,3,43
"2007",11.182125,0.477346632292151,-0.638158988308843,-0.226217050341607,1.61088532989249,"Study2","G8","T1","TurnTaking","Study2_G8_T1_TurnTaking.csv",1.86062708320333,11,49,0.716830347333234,3,43
"2008",11.183792,0.359064528534973,-0.638158988308843,-0.236515484048657,1.46069650548152,"Study2","G8","T1","TurnTaking","Study2_G8_T1_TurnTaking.csv",1.86062708320333,11,49,0.716830347333234,3,43
"2009",11.185458,0.32762245032104,-0.638158988308843,-0.287532493666699,1.44807118672572,"Study2","G8","T1","TurnTaking","Study2_G8_T1_TurnTaking.csv",1.86062708320333,11,49,0.716830347333234,3,43
"2010",11.187124,0.32762245032104,-0.638158988308843,-0.386462574529231,1.10474574192963,"Study2","G8","T1","TurnTaking","Study2_G8_T1_TurnTaking.csv",1.86062708320333,11,49,0.716830347333234,3,43
"2011",11.188793,0.32762245032104,-0.638158988308843,-0.524552427715142,0.734694171250034,"Study2","G8","T1","TurnTaking","Study2_G8_T1_TurnTaking.csv",1.86062708320333,11,49,0.716830347333234,3,43
"2012",11.190459,0.32762245032104,-0.638158988308843,-0.660044200228795,0.43588202657518,"Study2","G8","T1","TurnTaking","Study2_G8_T1_TurnTaking.csv",1.86062708320333,11,49,0.716830347333234,3,43
"2013",11.192123,0.32762245032104,-0.638158988308843,-0.765631771782014,0.196317380657663,"Study2","G8","T1","TurnTaking","Study2_G8_T1_TurnTaking.csv",1.86062708320333,11,49,0.716830347333234,3,43
"2014",11.193792,0.32762245032104,-0.638158988308843,-0.819674516301735,0.032124755025663,"Study2","G8","T1","TurnTaking","Study2_G8_T1_TurnTaking.csv",1.86062708320333,11,49,0.716830347333234,3,43
"2015",11.195458,0.32762245032104,-0.638158988308843,-0.842056394767213,-0.0890591606290324,"Study2","G8","T1","TurnTaking","Study2_G8_T1_TurnTaking.csv",1.86062708320333,11,49,0.716830347333234,3,43
"2016",11.197125,0.32762245032104,-0.638158988308843,-0.806303067083938,-0.20886787490064,"Study2","G8","T1","TurnTaking","Study2_G8_T1_TurnTaking.csv",1.86062708320333,11,49,0.716830347333234,3,43
"2017",11.198792,0.32762245032104,-1.0576417372523,-0.607518804734233,-0.331353381573933,"Study2","G8","T1","TurnTaking","Study2_G8_T1_TurnTaking.csv",1.86062708320333,11,49,0.716830347333234,3,43
"2018",11.200459,0.22449967078041,-1.4942462310506,-0.232651582709909,-0.438489415382356,"Study2","G8","T1","TurnTaking","Study2_G8_T1_TurnTaking.csv",1.86062708320333,11,49,0.716830347333234,3,43
"2019",11.202123,0.19708728634556,-1.4942462310506,0.22378768652341,-0.532176578818323,"Study2","G8","T1","TurnTaking","Study2_G8_T1_TurnTaking.csv",1.86062708320333,11,49,0.716830347333234,3,43
"2020",11.203792,0.19708728634556,-1.4942462310506,0.642779144823326,-0.631320039194153,"Study2","G8","T1","TurnTaking","Study2_G8_T1_TurnTaking.csv",1.86062708320333,11,49,0.716830347333234,3,43
"2021",11.205459,0.19708728634556,-1.4942462310506,0.936930748491072,-0.734327758394159,"Study2","G8","T1","TurnTaking","Study2_G8_T1_TurnTaking.csv",1.86062708320333,11,49,0.716830347333234,3,43
"2022",11.207126,0.19708728634556,-1.4942462310506,1.05656659902366,-0.821337063744683,"Study2","G8","T1","TurnTaking","Study2_G8_T1_TurnTaking.csv",1.86062708320333,11,49,0.716830347333234,3,43
"2023",11.208792,0.19708728634556,-1.4942462310506,1.03540572548148,-0.883100153911704,"Study2","G8","T1","TurnTaking","Study2_G8_T1_TurnTaking.csv",1.86062708320333,11,49,0.716830347333234,3,43
"2024",11.210458,0.19708728634556,-1.4942462310506,0.946346536135934,-0.920301491160371,"Study2","G8","T1","TurnTaking","Study2_G8_T1_TurnTaking.csv",1.86062708320333,11,49,0.716830347333234,3,43
"2025",11.212124,0.19708728634556,-1.10694153984806,0.846578849033124,-0.936176935757548,"Study2","G8","T1","TurnTaking","Study2_G8_T1_TurnTaking.csv",1.86062708320333,11,49,0.716830347333234,3,43
"2026",11.213792,0.19708728634556,-0.572092204377891,0.757157996640011,-0.935925291023133,"Study2","G8","T1","TurnTaking","Study2_G8_T1_TurnTaking.csv",1.86062708320333,11,49,0.716830347333234,3,43
"2027",11.215459,0.19708728634556,-0.572092204377891,0.684000553372944,-0.93190910383039,"Study2","G8","T1","TurnTaking","Study2_G8_T1_TurnTaking.csv",1.86062708320333,11,49,0.716830347333234,3,43
"2028",11.217126,0.167339573499839,-0.572092204377891,0.616773465363257,-0.943634978113125,"Study2","G8","T1","TurnTaking","Study2_G8_T1_TurnTaking.csv",1.86062708320333,11,49,0.716830347333234,3,43
"2029",11.218792,0.159431953629457,-0.572092204377891,0.475810474881237,-0.960918292259023,"Study2","G8","T1","TurnTaking","Study2_G8_T1_TurnTaking.csv",1.86062708320333,11,49,0.716830347333234,3,43
"2030",11.220457,0.159431953629457,-0.572092204377891,0.243147415346665,-0.972886823964231,"Study2","G8","T1","TurnTaking","Study2_G8_T1_TurnTaking.csv",1.86062708320333,11,49,0.716830347333234,3,43
"2031",11.222125,0.159431953629457,-0.572092204377891,-0.00775184232931228,-0.979228014491158,"Study2","G8","T1","TurnTaking","Study2_G8_T1_TurnTaking.csv",1.86062708320333,11,49,0.716830347333234,3,43
"2032",11.223792,0.159431953629457,-0.572092204377891,-0.247750566788441,-0.97270450992195,"Study2","G8","T1","TurnTaking","Study2_G8_T1_TurnTaking.csv",1.86062708320333,11,49,0.716830347333234,3,43
"2033",11.225459,0.159431953629457,-0.549805848239642,-0.476397239418052,-0.966872743060894,"Study2","G8","T1","TurnTaking","Study2_G8_T1_TurnTaking.csv",1.86062708320333,11,49,0.716830347333234,3,43
"2034",11.227124,0.159431953629457,-0.530042475815158,-0.689968904391739,-0.952874077446693,"Study2","G8","T1","TurnTaking","Study2_G8_T1_TurnTaking.csv",1.86062708320333,11,49,0.716830347333234,3,43
"2035",11.228792,0.159431953629457,-0.530042475815158,-0.941352956369707,-0.9279588235919,"Study2","G8","T1","TurnTaking","Study2_G8_T1_TurnTaking.csv",1.86062708320333,11,49,0.716830347333234,3,43
"2036",11.230457,0.159431953629457,-0.530042475815158,-1.30904013613771,-0.86240722480137,"Study2","G8","T1","TurnTaking","Study2_G8_T1_TurnTaking.csv",1.86062708320333,11,49,0.716830347333234,3,43
"2037",11.232125,0.159431953629457,-0.530042475815158,-1.67376320265093,-0.721184456627778,"Study2","G8","T1","TurnTaking","Study2_G8_T1_TurnTaking.csv",1.86062708320333,11,49,0.716830347333234,3,43
"2038",11.233792,0.0943748278196052,-0.530042475815158,-1.89808425974754,-0.49411417149203,"Study2","G8","T1","TurnTaking","Study2_G8_T1_TurnTaking.csv",1.86062708320333,11,49,0.716830347333234,3,43
"2039",11.23546,0.0770811614650871,-0.530042475815158,-1.98444542931351,-0.196652406100608,"Study2","G8","T1","TurnTaking","Study2_G8_T1_TurnTaking.csv",1.86062708320333,11,49,0.716830347333234,3,43
"2040",11.237123,0.0770811614650871,-0.530042475815158,-1.98993995146834,0.127531776124958,"Study2","G8","T1","TurnTaking","Study2_G8_T1_TurnTaking.csv",1.86062708320333,11,49,0.716830347333234,3,43
"2041",11.238792,0.0770811614650871,-0.464588991648669,-1.97701934862706,0.451472587649326,"Study2","G8","T1","TurnTaking","Study2_G8_T1_TurnTaking.csv",1.86062708320333,11,49,0.716830347333234,3,43
"2042",11.240459,0.0770811614650871,-0.458115570137698,-1.9103217586232,0.718999186170452,"Study2","G8","T1","TurnTaking","Study2_G8_T1_TurnTaking.csv",1.86062708320333,11,49,0.716830347333234,3,43
"2043",11.242125,0.0770811614650871,-0.458115570137698,-1.85014385089971,0.888559804836079,"Study2","G8","T1","TurnTaking","Study2_G8_T1_TurnTaking.csv",1.86062708320333,11,49,0.716830347333234,3,43
"2044",11.243792,0.0770811614650871,-0.458115570137698,-1.86815664256129,0.959915067305873,"Study2","G8","T1","TurnTaking","Study2_G8_T1_TurnTaking.csv",1.86062708320333,11,49,0.716830347333234,3,43
"2045",11.245459,0.0770811614650871,-0.458115570137698,-1.83210450591028,0.947993897308052,"Study2","G8","T1","TurnTaking","Study2_G8_T1_TurnTaking.csv",1.86062708320333,11,49,0.716830347333234,3,43
"2046",11.247124,0.0770811614650871,-0.458115570137698,-1.67228215437776,0.875002658753066,"Study2","G8","T1","TurnTaking","Study2_G8_T1_TurnTaking.csv",1.86062708320333,11,49,0.716830347333234,3,43
"2047",11.248791,0.0770811614650871,-0.458115570137698,-1.4631727929538,0.776626543630308,"Study2","G8","T1","TurnTaking","Study2_G8_T1_TurnTaking.csv",1.86062708320333,11,49,0.716830347333234,3,43
"2048",11.25046,0.00738764493705637,-0.403928903165392,-1.24445896960614,0.678938029199093,"Study2","G8","T1","TurnTaking","Study2_G8_T1_TurnTaking.csv",1.86062708320333,11,49,0.716830347333234,3,43
"2049",11.252125,-0.0111384797096352,-0.372104987641974,-1.0199803851722,0.591349541523329,"Study2","G8","T1","TurnTaking","Study2_G8_T1_TurnTaking.csv",1.86062708320333,11,49,0.716830347333234,3,43
"2050",11.253792,-0.0111384797096352,-0.372104987641974,-0.87814953782325,0.539660514766142,"Study2","G8","T1","TurnTaking","Study2_G8_T1_TurnTaking.csv",1.86062708320333,11,49,0.716830347333234,3,43
"2051",11.255457,-0.0111384797096352,-0.372104987641974,-0.805105926543893,0.528581869599077,"Study2","G8","T1","TurnTaking","Study2_G8_T1_TurnTaking.csv",1.86062708320333,11,49,0.716830347333234,3,43
"2052",11.257124,-0.0111384797096352,-0.372104987641974,-0.752211473404136,0.565277349575502,"Study2","G8","T1","TurnTaking","Study2_G8_T1_TurnTaking.csv",1.86062708320333,11,49,0.716830347333234,3,43
"2053",11.258792,-0.0111384797096352,-0.372104987641974,-0.707263299689941,0.644250000868188,"Study2","G8","T1","TurnTaking","Study2_G8_T1_TurnTaking.csv",1.86062708320333,11,49,0.716830347333234,3,43
"2054",11.260459,-0.0111384797096352,-0.372104987641974,-0.609509071889436,0.721847165466296,"Study2","G8","T1","TurnTaking","Study2_G8_T1_TurnTaking.csv",1.86062708320333,11,49,0.716830347333234,3,43
"2055",11.262125,-0.0111384797096352,-0.228558894808959,-0.429451852108457,0.761921446766207,"Study2","G8","T1","TurnTaking","Study2_G8_T1_TurnTaking.csv",1.86062708320333,11,49,0.716830347333234,3,43
"2056",11.263792,-0.0111384797096352,-0.205190926208236,-0.169769156924073,0.759853081117516,"Study2","G8","T1","TurnTaking","Study2_G8_T1_TurnTaking.csv",1.86062708320333,11,49,0.716830347333234,3,43
"2057",11.265457,-0.0111384797096352,-0.205190926208236,0.150151947237115,0.724623531578083,"Study2","G8","T1","TurnTaking","Study2_G8_T1_TurnTaking.csv",1.86062708320333,11,49,0.716830347333234,3,43
"2058",11.267125,-0.0569806698891621,-0.205190926208236,0.431758503991545,0.665934958030179,"Study2","G8","T1","TurnTaking","Study2_G8_T1_TurnTaking.csv",1.86062708320333,11,49,0.716830347333234,3,43
"2059",11.268793,-0.069166568544479,-0.205190926208236,0.579312993982399,0.607074912276625,"Study2","G8","T1","TurnTaking","Study2_G8_T1_TurnTaking.csv",1.86062708320333,11,49,0.716830347333234,3,43
"2060",11.270459,-0.069166568544479,-0.205190926208236,0.47571479326952,0.574569374190515,"Study2","G8","T1","TurnTaking","Study2_G8_T1_TurnTaking.csv",1.86062708320333,11,49,0.716830347333234,3,43
"2061",11.272124,-0.069166568544479,-0.206947844388343,0.128813379273172,0.580631815391451,"Study2","G8","T1","TurnTaking","Study2_G8_T1_TurnTaking.csv",1.86062708320333,11,49,0.716830347333234,3,43
"2062",11.273792,-0.069166568544479,-0.224712239320545,-0.367592793818434,0.618381521324412,"Study2","G8","T1","TurnTaking","Study2_G8_T1_TurnTaking.csv",1.86062708320333,11,49,0.716830347333234,3,43
"2063",11.275458,-0.069166568544479,-0.224712239320545,-0.881448760797765,0.670388099770265,"Study2","G8","T1","TurnTaking","Study2_G8_T1_TurnTaking.csv",1.86062708320333,11,49,0.716830347333234,3,43
"2064",11.277125,-0.069166568544479,-0.224712239320545,-1.20713137690385,0.700322268050344,"Study2","G8","T1","TurnTaking","Study2_G8_T1_TurnTaking.csv",1.86062708320333,11,49,0.716830347333234,3,43
"2065",11.278793,-0.069166568544479,-0.224712239320545,-1.36522014345031,0.672616953132231,"Study2","G8","T1","TurnTaking","Study2_G8_T1_TurnTaking.csv",1.86062708320333,11,49,0.716830347333234,3,43
"2066",11.280458,-0.069166568544479,-0.224712239320545,-1.32810150415066,0.630940505158726,"Study2","G8","T1","TurnTaking","Study2_G8_T1_TurnTaking.csv",1.86062708320333,11,49,0.716830347333234,3,43
"2067",11.282124,-0.069166568544479,-0.224712239320545,-1.10488201802173,0.617629012268833,"Study2","G8","T1","TurnTaking","Study2_G8_T1_TurnTaking.csv",1.86062708320333,11,49,0.716830347333234,3,43
"2068",11.283791,-0.0117973857301614,-0.230154696919166,-0.756201867178046,0.624467643379041,"Study2","G8","T1","TurnTaking","Study2_G8_T1_TurnTaking.csv",1.86062708320333,11,49,0.716830347333234,3,43
"2069",11.285459,0.00345265020782162,-0.253356752997499,-0.435517102752848,0.63524742476005,"Study2","G8","T1","TurnTaking","Study2_G8_T1_TurnTaking.csv",1.86062708320333,11,49,0.716830347333234,3,43
"2070",11.287125,0.00345265020782162,-0.253356752997499,-0.297567858961204,0.629509382723547,"Study2","G8","T1","TurnTaking","Study2_G8_T1_TurnTaking.csv",1.86062708320333,11,49,0.716830347333234,3,43
"2071",11.288792,0.00345265020782162,-0.253356752997499,-0.358018246403311,0.615416136350322,"Study2","G8","T1","TurnTaking","Study2_G8_T1_TurnTaking.csv",1.86062708320333,11,49,0.716830347333234,3,43
"2072",11.290458,0.00345265020782162,-0.253356752997499,-0.569391026937231,0.625869806697957,"Study2","G8","T1","TurnTaking","Study2_G8_T1_TurnTaking.csv",1.86062708320333,11,49,0.716830347333234,3,43
"2073",11.292124,0.00345265020782162,-0.253356752997499,-0.854328289725769,0.660880522324356,"Study2","G8","T1","TurnTaking","Study2_G8_T1_TurnTaking.csv",1.86062708320333,11,49,0.716830347333234,3,43
"2074",11.293791,0.00345265020782162,-0.253356752997499,-1.12277380717669,0.675111431491634,"Study2","G8","T1","TurnTaking","Study2_G8_T1_TurnTaking.csv",1.86062708320333,11,49,0.716830347333234,3,43
"2075",11.295459,0.00345265020782162,-0.259968700032707,-1.32848815197506,0.617249405331033,"Study2","G8","T1","TurnTaking","Study2_G8_T1_TurnTaking.csv",1.86062708320333,11,49,0.716830347333234,3,43
"2076",11.297126,0.00345265020782162,-0.308456311624234,-1.46423985579923,0.473862406848022,"Study2","G8","T1","TurnTaking","Study2_G8_T1_TurnTaking.csv",1.86062708320333,11,49,0.716830347333234,3,43
"2077",11.298791,0.00345265020782162,-0.308456311624234,-1.53116690240824,0.378094324057794,"Study2","G8","T1","TurnTaking","Study2_G8_T1_TurnTaking.csv",1.86062708320333,11,49,0.716830347333234,3,43
"2078",11.300458,0.0794363019140185,-0.308456311624234,-1.55311720526677,0.426299554863076,"Study2","G8","T1","TurnTaking","Study2_G8_T1_TurnTaking.csv",1.86062708320333,11,49,0.716830347333234,3,43
"2079",11.302124,0.099634487810602,-0.308456311624234,-1.59572745369794,0.577415070994438,"Study2","G8","T1","TurnTaking","Study2_G8_T1_TurnTaking.csv",1.86062708320333,11,49,0.716830347333234,3,43
"2080",11.303793,0.099634487810602,-0.308456311624234,-1.66290703701984,0.805568969170219,"Study2","G8","T1","TurnTaking","Study2_G8_T1_TurnTaking.csv",1.86062708320333,11,49,0.716830347333234,3,43
"2081",11.305459,0.099634487810602,-0.308456311624234,-1.71830769855831,1.06227783988213,"Study2","G8","T1","TurnTaking","Study2_G8_T1_TurnTaking.csv",1.86062708320333,11,49,0.716830347333234,3,43
"2082",11.307125,0.099634487810602,-0.306470530589319,-1.7483768214537,1.23589501731637,"Study2","G8","T1","TurnTaking","Study2_G8_T1_TurnTaking.csv",1.86062708320333,11,49,0.716830347333234,3,43
"2083",11.308792,0.099634487810602,-0.290403756761368,-1.75872880997386,1.29823871636609,"Study2","G8","T1","TurnTaking","Study2_G8_T1_TurnTaking.csv",1.86062708320333,11,49,0.716830347333234,3,43
"2084",11.310458,0.099634487810602,-0.290403756761368,-1.75188802289351,1.27928690062511,"Study2","G8","T1","TurnTaking","Study2_G8_T1_TurnTaking.csv",1.86062708320333,11,49,0.716830347333234,3,43
"2085",11.312124,0.099634487810602,-0.290403756761368,-1.72572022248244,1.23575692655508,"Study2","G8","T1","TurnTaking","Study2_G8_T1_TurnTaking.csv",1.86062708320333,11,49,0.716830347333234,3,43
"2086",11.313793,0.099634487810602,-0.290403756761368,-1.72618888311689,1.18134645614799,"Study2","G8","T1","TurnTaking","Study2_G8_T1_TurnTaking.csv",1.86062708320333,11,49,0.716830347333234,3,43
"2087",11.315459,0.099634487810602,-0.290403756761368,-1.75076650892011,1.13197872367561,"Study2","G8","T1","TurnTaking","Study2_G8_T1_TurnTaking.csv",1.86062708320333,11,49,0.716830347333234,3,43
"2088",11.317123,0.0584582195003268,-0.290403756761368,-1.763759601226,1.08418933436739,"Study2","G8","T1","TurnTaking","Study2_G8_T1_TurnTaking.csv",1.86062708320333,11,49,0.716830347333234,3,43
"2089",11.318792,0.0475126291899995,-0.288694728549901,-1.75472609187057,1.02430658957698,"Study2","G8","T1","TurnTaking","Study2_G8_T1_TurnTaking.csv",1.86062708320333,11,49,0.716830347333234,3,43
"2090",11.320458,0.0475126291899995,-0.278196412393747,-1.74129134041552,0.944093546580357,"Study2","G8","T1","TurnTaking","Study2_G8_T1_TurnTaking.csv",1.86062708320333,11,49,0.716830347333234,3,43
"2091",11.322125,0.0475126291899995,-0.278196412393747,-1.74545606743045,0.865468832650052,"Study2","G8","T1","TurnTaking","Study2_G8_T1_TurnTaking.csv",1.86062708320333,11,49,0.716830347333234,3,43
"2092",11.323792,0.0475126291899995,-0.278196412393747,-1.76013187885388,0.793409421422279,"Study2","G8","T1","TurnTaking","Study2_G8_T1_TurnTaking.csv",1.86062708320333,11,49,0.716830347333234,3,43
"2093",11.325459,0.0475126291899995,-0.278196412393747,-1.7904387492669,0.716604852144132,"Study2","G8","T1","TurnTaking","Study2_G8_T1_TurnTaking.csv",1.86062708320333,11,49,0.716830347333234,3,43
"2094",11.327123,0.0475126291899995,-0.278196412393747,-1.76201122704468,0.576243867326892,"Study2","G8","T1","TurnTaking","Study2_G8_T1_TurnTaking.csv",1.86062708320333,11,49,0.716830347333234,3,43
"2095",11.328792,0.0475126291899995,-0.278196412393747,-1.60993079514876,0.417750053401482,"Study2","G8","T1","TurnTaking","Study2_G8_T1_TurnTaking.csv",1.86062708320333,11,49,0.716830347333234,3,43
"2096",11.330459,0.0475126291899995,-0.266953328941158,-1.33478666856277,0.381841605170959,"Study2","G8","T1","TurnTaking","Study2_G8_T1_TurnTaking.csv",1.86062708320333,11,49,0.716830347333234,3,43
"2097",11.332126,0.0475126291899995,-0.240719467551784,-0.991019555605983,0.496809867354445,"Study2","G8","T1","TurnTaking","Study2_G8_T1_TurnTaking.csv",1.86062708320333,11,49,0.716830347333234,3,43
"2098",11.333792,-0.0560334301826498,-0.240719467551784,-0.642674962639461,0.752046673432323,"Study2","G8","T1","TurnTaking","Study2_G8_T1_TurnTaking.csv",1.86062708320333,11,49,0.716830347333234,3,43
"2099",11.335458,-0.0835583320412024,-0.240719467551784,-0.395427403758212,1.02294451252244,"Study2","G8","T1","TurnTaking","Study2_G8_T1_TurnTaking.csv",1.86062708320333,11,49,0.716830347333234,3,43
"2100",11.337124,-0.0835583320412024,-0.240719467551784,-0.346574434339605,1.21882968114904,"Study2","G8","T1","TurnTaking","Study2_G8_T1_TurnTaking.csv",1.86062708320333,11,49,0.716830347333234,3,43
"2101",11.338792,-0.0835583320412024,-0.240719467551784,-0.510605768433462,1.32113339424681,"Study2","G8","T1","TurnTaking","Study2_G8_T1_TurnTaking.csv",1.86062708320333,11,49,0.716830347333234,3,43
"2102",11.340459,-0.0835583320412024,-0.240719467551784,-0.809615174584621,1.32270517524669,"Study2","G8","T1","TurnTaking","Study2_G8_T1_TurnTaking.csv",1.86062708320333,11,49,0.716830347333234,3,43
"2103",11.342126,-0.0835583320412024,-0.225648566491543,-1.14390801535168,1.26064051083446,"Study2","G8","T1","TurnTaking","Study2_G8_T1_TurnTaking.csv",1.86062708320333,11,49,0.716830347333234,3,43
"2104",11.343792,-0.0835583320412024,-0.211736965512859,-1.45044008011586,1.18124616915916,"Study2","G8","T1","TurnTaking","Study2_G8_T1_TurnTaking.csv",1.86062708320333,11,49,0.716830347333234,3,43
"2105",11.345457,-0.0835583320412024,-0.211736965512859,-1.70663140482679,1.1008025944784,"Study2","G8","T1","TurnTaking","Study2_G8_T1_TurnTaking.csv",1.86062708320333,11,49,0.716830347333234,3,43
"2106",11.347125,-0.0835583320412024,-0.211736965512859,-1.87382897117724,1.0261000576048,"Study2","G8","T1","TurnTaking","Study2_G8_T1_TurnTaking.csv",1.86062708320333,11,49,0.716830347333234,3,43
"2107",11.348792,-0.0835583320412024,-0.211736965512859,-1.93933636708125,0.967110337778914,"Study2","G8","T1","TurnTaking","Study2_G8_T1_TurnTaking.csv",1.86062708320333,11,49,0.716830347333234,3,43
"2108",11.350459,-0.206526045101677,-0.211736965512859,-1.97540889489542,0.942139162872029,"Study2","G8","T1","TurnTaking","Study2_G8_T1_TurnTaking.csv",1.86062708320333,11,49,0.716830347333234,3,43
"2109",11.352124,-0.239213665029145,-0.211736965512859,-1.9973361176462,0.943445318874471,"Study2","G8","T1","TurnTaking","Study2_G8_T1_TurnTaking.csv",1.86062708320333,11,49,0.716830347333234,3,43
"2110",11.353792,-0.239213665029145,-0.179627673492346,-1.99985913194861,0.903287298652167,"Study2","G8","T1","TurnTaking","Study2_G8_T1_TurnTaking.csv",1.86062708320333,11,49,0.716830347333234,3,43
"2111",11.355457,-0.239213665029145,-0.175249133671367,-1.98933538709266,0.797902649426748,"Study2","G8","T1","TurnTaking","Study2_G8_T1_TurnTaking.csv",1.86062708320333,11,49,0.716830347333234,3,43
"2112",11.357125,-0.239213665029145,-0.175249133671367,-1.98384243348885,0.533491509723591,"Study2","G8","T1","TurnTaking","Study2_G8_T1_TurnTaking.csv",1.86062708320333,11,49,0.716830347333234,3,43
"2113",11.358792,-0.239213665029145,-0.175249133671367,-1.94914989444695,0.102608390892691,"Study2","G8","T1","TurnTaking","Study2_G8_T1_TurnTaking.csv",1.86062708320333,11,49,0.716830347333234,3,43
"2114",11.36046,-0.239213665029145,-0.175249133671367,-1.80871427322296,-0.322333544120636,"Study2","G8","T1","TurnTaking","Study2_G8_T1_TurnTaking.csv",1.86062708320333,11,49,0.716830347333234,3,43
"2115",11.362123,-0.239213665029145,-0.175249133671367,-1.56523515814745,-0.60301699670393,"Study2","G8","T1","TurnTaking","Study2_G8_T1_TurnTaking.csv",1.86062708320333,11,49,0.716830347333234,3,43
"2116",11.363792,-0.239213665029145,-0.17672862802172,-1.24366875601429,-0.624462292214097,"Study2","G8","T1","TurnTaking","Study2_G8_T1_TurnTaking.csv",1.86062708320333,11,49,0.716830347333234,3,43
"2117",11.365459,-0.239213665029145,-0.181974107991152,-0.898695315290108,-0.368315627793757,"Study2","G8","T1","TurnTaking","Study2_G8_T1_TurnTaking.csv",1.86062708320333,11,49,0.716830347333234,3,43
"2118",11.367125,-0.33734568003874,-0.181974107991152,-0.630607987666655,0.0404052077519345,"Study2","G8","T1","TurnTaking","Study2_G8_T1_TurnTaking.csv",1.86062708320333,11,49,0.716830347333234,3,43
"2119",11.368792,-0.363431405547621,-0.181974107991152,-0.532337706583283,0.506727009444632,"Study2","G8","T1","TurnTaking","Study2_G8_T1_TurnTaking.csv",1.86062708320333,11,49,0.716830347333234,3,43
"2120",11.370459,-0.363431405547621,-0.181974107991152,-0.601186116142337,1.01577320821459,"Study2","G8","T1","TurnTaking","Study2_G8_T1_TurnTaking.csv",1.86062708320333,11,49,0.716830347333234,3,43
"2121",11.372124,-0.363431405547621,-0.181974107991152,-0.787421746319269,1.39968349922241,"Study2","G8","T1","TurnTaking","Study2_G8_T1_TurnTaking.csv",1.86062708320333,11,49,0.716830347333234,3,43
"2122",11.373791,-0.363431405547621,-0.181974107991152,-1.03733259277912,1.61599625727339,"Study2","G8","T1","TurnTaking","Study2_G8_T1_TurnTaking.csv",1.86062708320333,11,49,0.716830347333234,3,43
"2123",11.37546,-0.363431405547621,-0.0915319513241226,-1.34646285025493,1.71227847136908,"Study2","G8","T1","TurnTaking","Study2_G8_T1_TurnTaking.csv",1.86062708320333,11,49,0.716830347333234,3,43
"2124",11.377125,-0.363431405547621,-0.0730076541754539,-1.65602389906218,1.73045010283992,"Study2","G8","T1","TurnTaking","Study2_G8_T1_TurnTaking.csv",1.86062708320333,11,49,0.716830347333234,3,43
"2125",11.378792,-0.363431405547621,-0.0730076541754539,-1.89001518518563,1.69162505790015,"Study2","G8","T1","TurnTaking","Study2_G8_T1_TurnTaking.csv",1.86062708320333,11,49,0.716830347333234,3,43
"2126",11.380457,-0.363431405547621,-0.0730076541754539,-2.02649492075798,1.60107318243072,"Study2","G8","T1","TurnTaking","Study2_G8_T1_TurnTaking.csv",1.86062708320333,11,49,0.716830347333234,3,43
"2127",11.382124,-0.363431405547621,-0.0730076541754539,-2.0812872085826,1.44419736996662,"Study2","G8","T1","TurnTaking","Study2_G8_T1_TurnTaking.csv",1.86062708320333,11,49,0.716830347333234,3,43
"2128",11.383792,-0.357958298882425,-0.0730076541754539,-2.07762139282877,1.27573919489938,"Study2","G8","T1","TurnTaking","Study2_G8_T1_TurnTaking.csv",1.86062708320333,11,49,0.716830347333234,3,43
"2129",11.385459,-0.35650342242712,-0.0816033195224859,-2.02707281976645,1.17935241414251,"Study2","G8","T1","TurnTaking","Study2_G8_T1_TurnTaking.csv",1.86062708320333,11,49,0.716830347333234,3,43
"2130",11.387125,-0.35650342242712,-0.0912963038499902,-1.99666410557702,1.11873884396978,"Study2","G8","T1","TurnTaking","Study2_G8_T1_TurnTaking.csv",1.86062708320333,11,49,0.716830347333234,3,43
"2131",11.388792,-0.35650342242712,-0.0912963038499902,-2.00328204637434,1.01937469515622,"Study2","G8","T1","TurnTaking","Study2_G8_T1_TurnTaking.csv",1.86062708320333,11,49,0.716830347333234,3,43
"2132",11.390457,-0.35650342242712,-0.0912963038499902,-2.0203821654258,0.842986715184254,"Study2","G8","T1","TurnTaking","Study2_G8_T1_TurnTaking.csv",1.86062708320333,11,49,0.716830347333234,3,43
"2133",11.392125,-0.35650342242712,-0.0912963038499902,-2.03034111987816,0.726779487854286,"Study2","G8","T1","TurnTaking","Study2_G8_T1_TurnTaking.csv",1.86062708320333,11,49,0.716830347333234,3,43
"2134",11.393793,-0.35650342242712,-0.0912963038499902,-2.02106930280831,0.729970696872921,"Study2","G8","T1","TurnTaking","Study2_G8_T1_TurnTaking.csv",1.86062708320333,11,49,0.716830347333234,3,43
"2135",11.395459,-0.35650342242712,-0.0912963038499902,-1.99841303995513,0.81439351090843,"Study2","G8","T1","TurnTaking","Study2_G8_T1_TurnTaking.csv",1.86062708320333,11,49,0.716830347333234,3,43
"2136",11.397124,-0.35650342242712,-0.15536448306994,-1.9576055047939,0.937189008515898,"Study2","G8","T1","TurnTaking","Study2_G8_T1_TurnTaking.csv",1.86062708320333,11,49,0.716830347333234,3,43
"2137",11.398792,-0.35650342242712,-0.168486881223424,-1.88768655916932,1.0330180053093,"Study2","G8","T1","TurnTaking","Study2_G8_T1_TurnTaking.csv",1.86062708320333,11,49,0.716830347333234,3,43
"2138",11.400458,-0.415398381380115,-0.168486881223424,-1.79551637297067,1.06614138542758,"Study2","G8","T1","TurnTaking","Study2_G8_T1_TurnTaking.csv",1.86062708320333,11,49,0.716830347333234,3,43
"2139",11.402125,-0.431054003380278,-0.168486881223424,-1.65125113445147,1.03991726511119,"Study2","G8","T1","TurnTaking","Study2_G8_T1_TurnTaking.csv",1.86062708320333,11,49,0.716830347333234,3,43
"2140",11.403793,-0.431054003380278,-0.168486881223424,-1.42916571070404,1.0171080380218,"Study2","G8","T1","TurnTaking","Study2_G8_T1_TurnTaking.csv",1.86062708320333,11,49,0.716830347333234,3,43
"2141",11.405458,-0.431054003380278,-0.168486881223424,-1.13356823912153,1.01188755102864,"Study2","G8","T1","TurnTaking","Study2_G8_T1_TurnTaking.csv",1.86062708320333,11,49,0.716830347333234,3,43
"2142",11.407124,-0.431054003380278,-0.168486881223424,-0.793924734735298,0.933618905838187,"Study2","G8","T1","TurnTaking","Study2_G8_T1_TurnTaking.csv",1.86062708320333,11,49,0.716830347333234,3,43
"2143",11.408791,-0.431054003380278,-0.236154934723379,-0.433315193250415,0.787602191349386,"Study2","G8","T1","TurnTaking","Study2_G8_T1_TurnTaking.csv",1.86062708320333,11,49,0.716830347333234,3,43
"2144",11.410459,-0.431054003380278,-0.237535915407052,-0.102880091657419,0.662877560100479,"Study2","G8","T1","TurnTaking","Study2_G8_T1_TurnTaking.csv",1.86062708320333,11,49,0.716830347333234,3,43
"2145",11.412125,-0.431054003380278,-0.237535915407052,0.145375373288241,0.589521122837952,"Study2","G8","T1","TurnTaking","Study2_G8_T1_TurnTaking.csv",1.86062708320333,11,49,0.716830347333234,3,43
"2146",11.413792,-0.431054003380278,-0.237535915407052,0.312299899723284,0.575469531942306,"Study2","G8","T1","TurnTaking","Study2_G8_T1_TurnTaking.csv",1.86062708320333,11,49,0.716830347333234,3,43
"2147",11.415458,-0.431054003380278,-0.237535915407052,0.378836377130366,0.613970320373395,"Study2","G8","T1","TurnTaking","Study2_G8_T1_TurnTaking.csv",1.86062708320333,11,49,0.716830347333234,3,43
"2148",11.417124,-0.388381490082396,-0.237535915407052,0.319609235398714,0.661960283659271,"Study2","G8","T1","TurnTaking","Study2_G8_T1_TurnTaking.csv",1.86062708320333,11,49,0.716830347333234,3,43
"2149",11.418791,-0.377038163762705,-0.237535915407052,0.11593311060077,0.654101378659869,"Study2","G8","T1","TurnTaking","Study2_G8_T1_TurnTaking.csv",1.86062708320333,11,49,0.716830347333234,3,43
"2150",11.420459,-0.377038163762705,-0.300034436910677,-0.189891089499683,0.603296246899529,"Study2","G8","T1","TurnTaking","Study2_G8_T1_TurnTaking.csv",1.86062708320333,11,49,0.716830347333234,3,43
"2151",11.422126,-0.377038163762705,-0.30546909095447,-0.530970602337179,0.549761397456062,"Study2","G8","T1","TurnTaking","Study2_G8_T1_TurnTaking.csv",1.86062708320333,11,49,0.716830347333234,3,43
"2152",11.423791,-0.377038163762705,-0.30546909095447,-0.886940481968643,0.508533744456747,"Study2","G8","T1","TurnTaking","Study2_G8_T1_TurnTaking.csv",1.86062708320333,11,49,0.716830347333234,3,43
"2153",11.425458,-0.377038163762705,-0.30546909095447,-1.21610393684854,0.482942017058531,"Study2","G8","T1","TurnTaking","Study2_G8_T1_TurnTaking.csv",1.86062708320333,11,49,0.716830347333234,3,43
"2154",11.427124,-0.377038163762705,-0.30546909095447,-1.46211278858793,0.478166758645933,"Study2","G8","T1","TurnTaking","Study2_G8_T1_TurnTaking.csv",1.86062708320333,11,49,0.716830347333234,3,43
"2155",11.428793,-0.377038163762705,-0.30546909095447,-1.61875490294411,0.486886591067216,"Study2","G8","T1","TurnTaking","Study2_G8_T1_TurnTaking.csv",1.86062708320333,11,49,0.716830347333234,3,43
"2156",11.430459,-0.377038163762705,-0.30546909095447,-1.72339921514248,0.500562997353161,"Study2","G8","T1","TurnTaking","Study2_G8_T1_TurnTaking.csv",1.86062708320333,11,49,0.716830347333234,3,43
"2157",11.432125,-0.377038163762705,-0.334627421497875,-1.79295123186966,0.515110602274635,"Study2","G8","T1","TurnTaking","Study2_G8_T1_TurnTaking.csv",1.86062708320333,11,49,0.716830347333234,3,43
"2158",11.433792,-0.317503363203168,-0.346537162142364,-1.81696440338737,0.523637136161261,"Study2","G8","T1","TurnTaking","Study2_G8_T1_TurnTaking.csv",1.86062708320333,11,49,0.716830347333234,3,43
"2159",11.435458,-0.301677656725315,-0.346537162142364,-1.82209995143922,0.502068158120064,"Study2","G8","T1","TurnTaking","Study2_G8_T1_TurnTaking.csv",1.86062708320333,11,49,0.716830347333234,3,43
"2160",11.437124,-0.301677656725315,-0.346537162142364,-1.84432452664609,0.462272911457635,"Study2","G8","T1","TurnTaking","Study2_G8_T1_TurnTaking.csv",1.86062708320333,11,49,0.716830347333234,3,43
"2161",11.438793,-0.301677656725315,-0.346537162142364,-1.78138473670896,0.453878476791001,"Study2","G8","T1","TurnTaking","Study2_G8_T1_TurnTaking.csv",1.86062708320333,11,49,0.716830347333234,3,43
"2162",11.440459,-0.301677656725315,-0.346537162142364,-1.57782782178791,0.405847143339037,"Study2","G8","T1","TurnTaking","Study2_G8_T1_TurnTaking.csv",1.86062708320333,11,49,0.716830347333234,3,43
"2163",11.442123,-0.301677656725315,-0.346537162142364,-1.23150688370527,0.228180682579181,"Study2","G8","T1","TurnTaking","Study2_G8_T1_TurnTaking.csv",1.86062708320333,11,49,0.716830347333234,3,43
"2164",11.443792,-0.301677656725315,-0.309364406826174,-0.77974917904526,-0.0418328335468559,"Study2","G8","T1","TurnTaking","Study2_G8_T1_TurnTaking.csv",1.86062708320333,11,49,0.716830347333234,3,43
"2165",11.445458,-0.301677656725315,-0.293433225976378,-0.286814097303314,-0.314944975112938,"Study2","G8","T1","TurnTaking","Study2_G8_T1_TurnTaking.csv",1.86062708320333,11,49,0.716830347333234,3,43
"2166",11.447125,-0.301677656725315,-0.293433225976378,0.195429068506348,-0.549978018630546,"Study2","G8","T1","TurnTaking","Study2_G8_T1_TurnTaking.csv",1.86062708320333,11,49,0.716830347333234,3,43
"2167",11.448792,-0.301677656725315,-0.293433225976378,0.599704157135242,-0.740427147433085,"Study2","G8","T1","TurnTaking","Study2_G8_T1_TurnTaking.csv",1.86062708320333,11,49,0.716830347333234,3,43
"2168",11.450459,-0.185787576204904,-0.293433225976378,0.873398942586368,-0.872965176498697,"Study2","G8","T1","TurnTaking","Study2_G8_T1_TurnTaking.csv",1.86062708320333,11,49,0.716830347333234,3,43
"2169",11.452123,-0.154981352269099,-0.293433225976378,0.985774082524893,-0.947540892414879,"Study2","G8","T1","TurnTaking","Study2_G8_T1_TurnTaking.csv",1.86062708320333,11,49,0.716830347333234,3,43
"2170",11.453792,-0.154981352269099,-0.293433225976378,0.961439021931703,-0.981072125308498,"Study2","G8","T1","TurnTaking","Study2_G8_T1_TurnTaking.csv",1.86062708320333,11,49,0.716830347333234,3,43
"2171",11.455459,-0.154981352269099,-0.227959387951915,0.854894298143238,-0.986590762808985,"Study2","G8","T1","TurnTaking","Study2_G8_T1_TurnTaking.csv",1.86062708320333,11,49,0.716830347333234,3,43
"2172",11.457126,-0.154981352269099,-0.221483953422023,0.697342760318308,-0.995769804073853,"Study2","G8","T1","TurnTaking","Study2_G8_T1_TurnTaking.csv",1.86062708320333,11,49,0.716830347333234,3,43
"2173",11.458792,-0.154981352269099,-0.221483953422023,0.561625116458962,-1.01396597233286,"Study2","G8","T1","TurnTaking","Study2_G8_T1_TurnTaking.csv",1.86062708320333,11,49,0.716830347333234,3,43
"2174",11.460458,-0.154981352269099,-0.221483953422023,0.431464512716199,-1.02489340241008,"Study2","G8","T1","TurnTaking","Study2_G8_T1_TurnTaking.csv",1.86062708320333,11,49,0.716830347333234,3,43
"2175",11.462124,-0.154981352269099,-0.221483953422023,0.292379413913327,-1.0157250603261,"Study2","G8","T1","TurnTaking","Study2_G8_T1_TurnTaking.csv",1.86062708320333,11,49,0.716830347333234,3,43
"2176",11.463792,-0.154981352269099,-0.221483953422023,0.157226784536288,-0.998464571099424,"Study2","G8","T1","TurnTaking","Study2_G8_T1_TurnTaking.csv",1.86062708320333,11,49,0.716830347333234,3,43
"2177",11.465459,-0.154981352269099,-0.211606492064305,0.00103193129716952,-0.973988411628151,"Study2","G8","T1","TurnTaking","Study2_G8_T1_TurnTaking.csv",1.86062708320333,11,49,0.716830347333234,3,43
"2178",11.467126,-0.166173658525083,-0.181974107991152,-0.175824772183677,-0.938660144313086,"Study2","G8","T1","TurnTaking","Study2_G8_T1_TurnTaking.csv",1.86062708320333,11,49,0.716830347333234,3,43
"2179",11.468792,-0.169148828542497,-0.181974107991152,-0.320770313684547,-0.910392195136166,"Study2","G8","T1","TurnTaking","Study2_G8_T1_TurnTaking.csv",1.86062708320333,11,49,0.716830347333234,3,43
"2180",11.470457,-0.169148828542497,-0.181974107991152,-0.375760014857938,-0.897824366645653,"Study2","G8","T1","TurnTaking","Study2_G8_T1_TurnTaking.csv",1.86062708320333,11,49,0.716830347333234,3,43
"2181",11.472125,-0.169148828542497,-0.181974107991152,-0.317682396939188,-0.900826556801987,"Study2","G8","T1","TurnTaking","Study2_G8_T1_TurnTaking.csv",1.86062708320333,11,49,0.716830347333234,3,43
"2182",11.473792,-0.169148828542497,-0.181974107991152,-0.193946354061865,-0.903280520929773,"Study2","G8","T1","TurnTaking","Study2_G8_T1_TurnTaking.csv",1.86062708320333,11,49,0.716830347333234,3,43
"2183",11.475459,-0.169148828542497,-0.181974107991152,-0.0969513049510508,-0.89278105808795,"Study2","G8","T1","TurnTaking","Study2_G8_T1_TurnTaking.csv",1.86062708320333,11,49,0.716830347333234,3,43
"2184",11.477124,-0.169148828542497,-0.097728967940842,-0.114463840879245,-0.838119085602183,"Study2","G8","T1","TurnTaking","Study2_G8_T1_TurnTaking.csv",1.86062708320333,11,49,0.716830347333234,3,43
"2185",11.478792,-0.169148828542497,-0.0840146428163729,-0.202856508084151,-0.724066387990964,"Study2","G8","T1","TurnTaking","Study2_G8_T1_TurnTaking.csv",1.86062708320333,11,49,0.716830347333234,3,43
"2186",11.480457,-0.169148828542497,-0.0840146428163729,-0.218218784653942,-0.584932955860597,"Study2","G8","T1","TurnTaking","Study2_G8_T1_TurnTaking.csv",1.86062708320333,11,49,0.716830347333234,3,43
"2187",11.482125,-0.169148828542497,-0.0840146428163729,-0.135905709131249,-0.424275339593004,"Study2","G8","T1","TurnTaking","Study2_G8_T1_TurnTaking.csv",1.86062708320333,11,49,0.716830347333234,3,43
"2188",11.483792,-0.0901628431440628,-0.0840146428163729,-0.0497212256328228,-0.242136906534705,"Study2","G8","T1","TurnTaking","Study2_G8_T1_TurnTaking.csv",1.86062708320333,11,49,0.716830347333234,3,43
"2189",11.48546,-0.069166568544479,-0.0840146428163729,-0.0661240117201988,-0.0814409158716699,"Study2","G8","T1","TurnTaking","Study2_G8_T1_TurnTaking.csv",1.86062708320333,11,49,0.716830347333234,3,43
"2190",11.487123,-0.069166568544479,-0.0663462514902222,-0.146491411752165,0.0239878139789953,"Study2","G8","T1","TurnTaking","Study2_G8_T1_TurnTaking.csv",1.86062708320333,11,49,0.716830347333234,3,43
"2191",11.488792,-0.069166568544479,-0.0506780554085414,-0.29002828240512,0.042086691019822,"Study2","G8","T1","TurnTaking","Study2_G8_T1_TurnTaking.csv",1.86062708320333,11,49,0.716830347333234,3,43
"2192",11.490459,-0.069166568544479,-0.0506780554085414,-0.488039473184745,-0.0385725791475761,"Study2","G8","T1","TurnTaking","Study2_G8_T1_TurnTaking.csv",1.86062708320333,11,49,0.716830347333234,3,43
"2193",11.492125,-0.069166568544479,-0.0506780554085414,-0.664985135915829,-0.206630034226732,"Study2","G8","T1","TurnTaking","Study2_G8_T1_TurnTaking.csv",1.86062708320333,11,49,0.716830347333234,3,43
"2194",11.493792,-0.069166568544479,-0.0506780554085414,-0.788946601981413,-0.413504973491173,"Study2","G8","T1","TurnTaking","Study2_G8_T1_TurnTaking.csv",1.86062708320333,11,49,0.716830347333234,3,43
"2195",11.495459,-0.069166568544479,-0.0506780554085414,-0.85145246348507,-0.600478580375025,"Study2","G8","T1","TurnTaking","Study2_G8_T1_TurnTaking.csv",1.86062708320333,11,49,0.716830347333234,3,43
"2196",11.497124,-0.069166568544479,-0.0573143077833091,-0.868982253474394,-0.739325417113419,"Study2","G8","T1","TurnTaking","Study2_G8_T1_TurnTaking.csv",1.86062708320333,11,49,0.716830347333234,3,43
"2197",11.498791,-0.069166568544479,-0.0949197379069919,-0.842231624323098,-0.828755162491622,"Study2","G8","T1","TurnTaking","Study2_G8_T1_TurnTaking.csv",1.86062708320333,11,49,0.716830347333234,3,43
"2198",11.50046,-0.069166568544479,-0.0949197379069919,-0.791340098785997,-0.899991592725721,"Study2","G8","T1","TurnTaking","Study2_G8_T1_TurnTaking.csv",1.86062708320333,11,49,0.716830347333234,3,43
"2199",11.502125,-0.069166568544479,-0.0949197379069919,-0.726050955551335,-0.975159329984206,"Study2","G8","T1","TurnTaking","Study2_G8_T1_TurnTaking.csv",1.86062708320333,11,49,0.716830347333234,3,43
"2200",11.503792,-0.069166568544479,-0.0949197379069919,-0.680942005358434,-1.04324349621809,"Study2","G8","T1","TurnTaking","Study2_G8_T1_TurnTaking.csv",1.86062708320333,11,49,0.716830347333234,3,43
"2201",11.505457,-0.069166568544479,-0.0949197379069919,-0.56620877305245,-1.08700129151309,"Study2","G8","T1","TurnTaking","Study2_G8_T1_TurnTaking.csv",1.86062708320333,11,49,0.716830347333234,3,43
"2202",11.507124,-0.069166568544479,-0.0949197379069919,-0.335117065513584,-1.10376334156627,"Study2","G8","T1","TurnTaking","Study2_G8_T1_TurnTaking.csv",1.86062708320333,11,49,0.716830347333234,3,43
"2203",11.508792,-0.069166568544479,-0.140549434229294,-0.119750305946298,-1.09761958659061,"Study2","G8","T1","TurnTaking","Study2_G8_T1_TurnTaking.csv",1.86062708320333,11,49,0.716830347333234,3,43
"2204",11.510459,-0.069166568544479,-0.218243241480781,0.0316474701414345,-1.0805008971746,"Study2","G8","T1","TurnTaking","Study2_G8_T1_TurnTaking.csv",1.86062708320333,11,49,0.716830347333234,3,43
"2205",11.512125,-0.069166568544479,-0.218243241480781,0.111675839076146,-1.0701105659778,"Study2","G8","T1","TurnTaking","Study2_G8_T1_TurnTaking.csv",1.86062708320333,11,49,0.716830347333234,3,43
"2206",11.513792,-0.069166568544479,-0.218243241480781,0.134896332136124,-1.07515473046997,"Study2","G8","T1","TurnTaking","Study2_G8_T1_TurnTaking.csv",1.86062708320333,11,49,0.716830347333234,3,43
"2207",11.515457,-0.069166568544479,-0.218243241480781,0.140126217327396,-1.0880696403884,"Study2","G8","T1","TurnTaking","Study2_G8_T1_TurnTaking.csv",1.86062708320333,11,49,0.716830347333234,3,43
"2208",11.517125,-0.0577577005139706,-0.218243241480781,0.129852432279103,-1.0898238780863,"Study2","G8","T1","TurnTaking","Study2_G8_T1_TurnTaking.csv",1.86062708320333,11,49,0.716830347333234,3,43
"2209",11.518793,-0.0547249634425704,-0.218243241480781,0.0702667646019065,-1.07718358047726,"Study2","G8","T1","TurnTaking","Study2_G8_T1_TurnTaking.csv",1.86062708320333,11,49,0.716830347333234,3,43
"2210",11.520459,-0.0547249634425704,-0.218243241480781,-0.0425592217131402,-1.05733174964024,"Study2","G8","T1","TurnTaking","Study2_G8_T1_TurnTaking.csv",1.86062708320333,11,49,0.716830347333234,3,43
"2211",11.522124,-0.0547249634425704,-0.218243241480781,-0.16169022289866,-1.04026284707927,"Study2","G8","T1","TurnTaking","Study2_G8_T1_TurnTaking.csv",1.86062708320333,11,49,0.716830347333234,3,43
"2212",11.523792,-0.0547249634425704,-0.588230949845273,-0.219138739822338,-1.02557629546204,"Study2","G8","T1","TurnTaking","Study2_G8_T1_TurnTaking.csv",1.86062708320333,11,49,0.716830347333234,3,43
"2213",11.525458,-0.0547249634425704,-0.669447763876503,-0.225727102229149,-1.02146838062517,"Study2","G8","T1","TurnTaking","Study2_G8_T1_TurnTaking.csv",1.86062708320333,11,49,0.716830347333234,3,43
"2214",11.527125,-0.0547249634425704,-0.669447763876503,-0.233592265159531,-1.03212975773772,"Study2","G8","T1","TurnTaking","Study2_G8_T1_TurnTaking.csv",1.86062708320333,11,49,0.716830347333234,3,43
"2215",11.528793,-0.0547249634425704,-0.669447763876503,-0.255258324166858,-1.05848611992986,"Study2","G8","T1","TurnTaking","Study2_G8_T1_TurnTaking.csv",1.86062708320333,11,49,0.716830347333234,3,43
"2216",11.530458,-0.0547249634425704,-0.669447763876503,-0.264029773463962,-1.08533435913121,"Study2","G8","T1","TurnTaking","Study2_G8_T1_TurnTaking.csv",1.86062708320333,11,49,0.716830347333234,3,43
"2217",11.532124,-0.0547249634425704,-0.669447763876503,-0.261179716275599,-1.09811488733771,"Study2","G8","T1","TurnTaking","Study2_G8_T1_TurnTaking.csv",1.86062708320333,11,49,0.716830347333234,3,43
"2218",11.533791,-0.00876464865876121,-0.669447763876503,-0.28298828934628,-1.0810502644491,"Study2","G8","T1","TurnTaking","Study2_G8_T1_TurnTaking.csv",1.86062708320333,11,49,0.716830347333234,3,43
"2219",11.535459,0.00345265020782162,-0.669447763876503,-0.37463581193994,-1.01395341862729,"Study2","G8","T1","TurnTaking","Study2_G8_T1_TurnTaking.csv",1.86062708320333,11,49,0.716830347333234,3,43
"2220",11.537125,0.00345265020782162,-0.669447763876503,-0.490391963584306,-0.882094573564258,"Study2","G8","T1","TurnTaking","Study2_G8_T1_TurnTaking.csv",1.86062708320333,11,49,0.716830347333234,3,43
"2221",11.538792,0.00345265020782162,-0.74624137888922,-0.561240275683351,-0.683605081654506,"Study2","G8","T1","TurnTaking","Study2_G8_T1_TurnTaking.csv",1.86062708320333,11,49,0.716830347333234,3,43
"2222",11.540458,0.00345265020782162,-0.780742858097832,-0.553547205206831,-0.442686062092692,"Study2","G8","T1","TurnTaking","Study2_G8_T1_TurnTaking.csv",1.86062708320333,11,49,0.716830347333234,3,43
"2223",11.542124,0.00345265020782162,-0.780742858097832,-0.529352081771761,-0.174849757948881,"Study2","G8","T1","TurnTaking","Study2_G8_T1_TurnTaking.csv",1.86062708320333,11,49,0.716830347333234,3,43
"2224",11.543791,0.00345265020782162,-0.780742858097832,-0.540616630862695,0.121907430717326,"Study2","G8","T1","TurnTaking","Study2_G8_T1_TurnTaking.csv",1.86062708320333,11,49,0.716830347333234,3,43
"2225",11.545459,0.00345265020782162,-0.780742858097832,-0.564037114176672,0.457083238105424,"Study2","G8","T1","TurnTaking","Study2_G8_T1_TurnTaking.csv",1.86062708320333,11,49,0.716830347333234,3,43
"2226",11.547126,0.00345265020782162,-0.780742858097832,-0.593073122152098,0.798599237430234,"Study2","G8","T1","TurnTaking","Study2_G8_T1_TurnTaking.csv",1.86062708320333,11,49,0.716830347333234,3,43
"2227",11.548791,0.00345265020782162,-0.780742858097832,-0.636622820599954,1.12033673097102,"Study2","G8","T1","TurnTaking","Study2_G8_T1_TurnTaking.csv",1.86062708320333,11,49,0.716830347333234,3,43
"2228",11.550458,0.0266247600816887,-0.780742858097832,-0.690033887219369,1.41369314932899,"Study2","G8","T1","TurnTaking","Study2_G8_T1_TurnTaking.csv",1.86062708320333,11,49,0.716830347333234,3,43
"2229",11.552124,0.0327844348582871,-0.778310311122981,-0.729559916203994,1.67049859798035,"Study2","G8","T1","TurnTaking","Study2_G8_T1_TurnTaking.csv",1.86062708320333,11,49,0.716830347333234,3,43
"2230",11.553793,0.0327844348582871,-0.699657958936113,-0.725692877763223,1.89311859449092,"Study2","G8","T1","TurnTaking","Study2_G8_T1_TurnTaking.csv",1.86062708320333,11,49,0.716830347333234,3,43
"2231",11.555459,0.0327844348582871,-0.699657958936113,-0.714044369792482,2.083632346346,"Study2","G8","T1","TurnTaking","Study2_G8_T1_TurnTaking.csv",1.86062708320333,11,49,0.716830347333234,3,43
"2232",11.557125,0.0327844348582871,-0.699657958936113,-0.73437637616431,2.24585318426877,"Study2","G8","T1","TurnTaking","Study2_G8_T1_TurnTaking.csv",1.86062708320333,11,49,0.716830347333234,3,43
"2233",11.558792,0.0327844348582871,-0.699657958936113,-0.760677055253947,2.39655842247713,"Study2","G8","T1","TurnTaking","Study2_G8_T1_TurnTaking.csv",1.86062708320333,11,49,0.716830347333234,3,43
"2234",11.560458,0.0327844348582871,-0.699657958936113,-0.758711100639426,-2.147772894301e-16,"Study2","G8","T1","TurnTaking","Study2_G8_T1_TurnTaking.csv",1.86062708320333,11,49,0.716830347333234,3,43
"2235",11.562124,0.0327844348582871,0.465153519904482,-0.622255341489691,-2.147772894301e-16,"Study2","G8","T1","TurnTaking","Study2_G8_T1_TurnTaking.csv",1.86062708320333,11,49,0.716830347333234,3,43
"2236",11.563793,0.0327844348582871,0.552827502182807,-0.328753678137601,-2.147772894301e-16,"Study2","G8","T1","TurnTaking","Study2_G8_T1_TurnTaking.csv",1.86062708320333,11,49,0.716830347333234,3,43
"2237",11.565459,0.0327844348582871,0.552827502182807,0.0143632704248091,-2.147772894301e-16,"Study2","G8","T1","TurnTaking","Study2_G8_T1_TurnTaking.csv",1.86062708320333,11,49,0.716830347333234,3,43
"2238",11.567123,0.32437502053531,0.552827502182807,0.277115956057276,-2.147772894301e-16,"Study2","G8","T1","TurnTaking","Study2_G8_T1_TurnTaking.csv",1.86062708320333,11,49,0.716830347333234,3,43
"2239",11.568792,0.401886442044393,0.552827502182807,0.404948942137951,-2.147772894301e-16,"Study2","G8","T1","TurnTaking","Study2_G8_T1_TurnTaking.csv",1.86062708320333,11,49,0.716830347333234,3,43
"2240",11.570458,0.401886442044393,0.552827502182807,0.406986713980939,-2.147772894301e-16,"Study2","G8","T1","TurnTaking","Study2_G8_T1_TurnTaking.csv",1.86062708320333,11,49,0.716830347333234,3,43
"2241",11.572125,0.401886442044393,0.552827502182807,0.350005625258765,-2.147772894301e-16,"Study2","G8","T1","TurnTaking","Study2_G8_T1_TurnTaking.csv",1.86062708320333,11,49,0.716830347333234,3,43
"2242",11.573792,0.401886442044393,0.552827502182807,0.292741413078969,-2.147772894301e-16,"Study2","G8","T1","TurnTaking","Study2_G8_T1_TurnTaking.csv",1.86062708320333,11,49,0.716830347333234,3,43
"2243",11.575459,0.401886442044393,0.552827502182807,0.266336089228976,2.34093851666279,"Study2","G8","T1","TurnTaking","Study2_G8_T1_TurnTaking.csv",1.86062708320333,11,49,0.716830347333234,3,43
"2244",11.577123,0.401886442044393,0.552827502182807,0.24533195874861,2.07264400226561,"Study2","G8","T1","TurnTaking","Study2_G8_T1_TurnTaking.csv",1.86062708320333,11,49,0.716830347333234,3,43
"2245",11.578792,0.401886442044393,-0.0110396749917803,0.166413339654717,1.81804258487655,"Study2","G8","T1","TurnTaking","Study2_G8_T1_TurnTaking.csv",1.86062708320333,11,49,0.716830347333234,3,43
"2246",11.580459,0.401886442044393,-1.01347021219105,0.0541729830638464,1.5906324937559,"Study2","G8","T1","TurnTaking","Study2_G8_T1_TurnTaking.csv",1.86062708320333,11,49,0.716830347333234,3,43
"2247",11.582126,0.401886442044393,-1.01347021219105,-0.0399946408089171,1.38722893939353,"Study2","G8","T1","TurnTaking","Study2_G8_T1_TurnTaking.csv",1.86062708320333,11,49,0.716830347333234,3,43
"2248",11.583792,0.721580839824176,-1.01347021219105,-0.0905508325475763,1.19141623988547,"Study2","G8","T1","TurnTaking","Study2_G8_T1_TurnTaking.csv",1.86062708320333,11,49,0.716830347333234,3,43
"2249",11.585458,0.806562894930194,-1.01347021219105,-0.0966882365385077,0.981415713245153,"Study2","G8","T1","TurnTaking","Study2_G8_T1_TurnTaking.csv",1.86062708320333,11,49,0.716830347333234,3,43
"2250",11.587124,0.806562894930194,-1.01347021219105,-0.117876559723397,0.769739980189736,"Study2","G8","T1","TurnTaking","Study2_G8_T1_TurnTaking.csv",1.86062708320333,11,49,0.716830347333234,3,43
"2251",11.588792,0.806562894930194,-1.01347021219105,-0.173551381570851,0.564502586223683,"Study2","G8","T1","TurnTaking","Study2_G8_T1_TurnTaking.csv",1.86062708320333,11,49,0.716830347333234,3,43
"2252",11.590459,0.806562894930194,-1.01347021219105,-0.281343439531737,0.368624835695834,"Study2","G8","T1","TurnTaking","Study2_G8_T1_TurnTaking.csv",1.86062708320333,11,49,0.716830347333234,3,43
"2253",11.592126,0.806562894930194,-0.635428266012895,-0.416876106411053,0.169670286056949,"Study2","G8","T1","TurnTaking","Study2_G8_T1_TurnTaking.csv",1.86062708320333,11,49,0.716830347333234,3,43
"2254",11.593792,0.806562894930194,-0.481016766869706,-0.415338478262099,-0.0190207533425653,"Study2","G8","T1","TurnTaking","Study2_G8_T1_TurnTaking.csv",1.86062708320333,11,49,0.716830347333234,3,43
"2255",11.595457,0.806562894930194,-0.481016766869706,-0.236323448589074,-0.0678578064430423,"Study2","G8","T1","TurnTaking","Study2_G8_T1_TurnTaking.csv",1.86062708320333,11,49,0.716830347333234,3,43
"2256",11.597125,0.806562894930194,-0.481016766869706,0.0198060303962484,-0.188955272716186,"Study2","G8","T1","TurnTaking","Study2_G8_T1_TurnTaking.csv",1.86062708320333,11,49,0.716830347333234,3,43
"2257",11.598792,0.806562894930194,-0.481016766869706,0.22014551107411,-0.512368400639307,"Study2","G8","T1","TurnTaking","Study2_G8_T1_TurnTaking.csv",1.86062708320333,11,49,0.716830347333234,3,43
"2258",11.600459,0.860496620503227,-0.481016766869706,0.286203132265175,-0.720971043633058,"Study2","G8","T1","TurnTaking","Study2_G8_T1_TurnTaking.csv",1.86062708320333,11,49,0.716830347333234,3,43
"2259",11.602124,0.874833433630237,-0.481016766869706,0.214979936474321,-0.885302758616564,"Study2","G8","T1","TurnTaking","Study2_G8_T1_TurnTaking.csv",1.86062708320333,11,49,0.716830347333234,3,43
"2260",11.603792,0.874833433630237,-0.481016766869706,0.110246552986361,-0.928439430797254,"Study2","G8","T1","TurnTaking","Study2_G8_T1_TurnTaking.csv",1.86062708320333,11,49,0.716830347333234,3,43
"2261",11.605457,0.874833433630237,-0.494792277828526,0.0291408135852887,-0.906586710478986,"Study2","G8","T1","TurnTaking","Study2_G8_T1_TurnTaking.csv",1.86062708320333,11,49,0.716830347333234,3,43
"2262",11.607125,0.874833433630237,-0.495990148346684,-0.0261057938359557,-0.891261917058024,"Study2","G8","T1","TurnTaking","Study2_G8_T1_TurnTaking.csv",1.86062708320333,11,49,0.716830347333234,3,43
"2263",11.608792,0.874833433630237,-0.495990148346684,-0.0535143180973257,-0.891740812394437,"Study2","G8","T1","TurnTaking","Study2_G8_T1_TurnTaking.csv",1.86062708320333,11,49,0.716830347333234,3,43
"2264",11.61046,0.874833433630237,-0.495990148346684,0.0334085047702061,-0.903090646133,"Study2","G8","T1","TurnTaking","Study2_G8_T1_TurnTaking.csv",1.86062708320333,11,49,0.716830347333234,3,43
"2265",11.612123,0.874833433630237,-0.495990148346684,0.228303993043691,-0.915482294778273,"Study2","G8","T1","TurnTaking","Study2_G8_T1_TurnTaking.csv",1.86062708320333,11,49,0.716830347333234,3,43
"2266",11.613792,0.874833433630237,-0.495990148346684,0.409151202337806,-0.9278415605694,"Study2","G8","T1","TurnTaking","Study2_G8_T1_TurnTaking.csv",1.86062708320333,11,49,0.716830347333234,3,43
"2267",11.615459,0.874833433630237,-0.495990148346684,0.512266849535854,-0.943109006380818,"Study2","G8","T1","TurnTaking","Study2_G8_T1_TurnTaking.csv",1.86062708320333,11,49,0.716830347333234,3,43
"2268",11.617125,0.767645198958806,-0.496632425642769,0.510785016987175,-0.982015793062556,"Study2","G8","T1","TurnTaking","Study2_G8_T1_TurnTaking.csv",1.86062708320333,11,49,0.716830347333234,3,43
"2269",11.618792,0.739152123919566,-0.500930742931951,0.457269193568047,-1.03589501347478,"Study2","G8","T1","TurnTaking","Study2_G8_T1_TurnTaking.csv",1.86062708320333,11,49,0.716830347333234,3,43
"2270",11.620459,0.739152123919566,-0.500930742931951,0.368014719621538,-1.08880774121372,"Study2","G8","T1","TurnTaking","Study2_G8_T1_TurnTaking.csv",1.86062708320333,11,49,0.716830347333234,3,43
"2271",11.622124,0.739152123919566,-0.500930742931951,0.220405778502704,-1.14097095566773,"Study2","G8","T1","TurnTaking","Study2_G8_T1_TurnTaking.csv",1.86062708320333,11,49,0.716830347333234,3,43
"2272",11.623791,0.739152123919566,-0.500930742931951,0.0238921057818756,-1.1860647220159,"Study2","G8","T1","TurnTaking","Study2_G8_T1_TurnTaking.csv",1.86062708320333,11,49,0.716830347333234,3,43
"2273",11.62546,0.739152123919566,-0.500930742931951,-0.172122431599141,-1.22394452998842,"Study2","G8","T1","TurnTaking","Study2_G8_T1_TurnTaking.csv",1.86062708320333,11,49,0.716830347333234,3,43
"2274",11.627125,0.739152123919566,-0.500930742931951,-0.318735342825508,-1.25653537621012,"Study2","G8","T1","TurnTaking","Study2_G8_T1_TurnTaking.csv",1.86062708320333,11,49,0.716830347333234,3,43
"2275",11.628792,0.739152123919566,-0.500930742931951,-0.456682121751277,-1.28760679609041,"Study2","G8","T1","TurnTaking","Study2_G8_T1_TurnTaking.csv",1.86062708320333,11,49,0.716830347333234,3,43
"2276",11.630457,0.739152123919566,-0.494979364327711,-0.607310411528385,-1.29894322018893,"Study2","G8","T1","TurnTaking","Study2_G8_T1_TurnTaking.csv",1.86062708320333,11,49,0.716830347333234,3,43
"2277",11.632124,0.739152123919566,-0.48853203750645,-0.653766074804237,-1.26317828363801,"Study2","G8","T1","TurnTaking","Study2_G8_T1_TurnTaking.csv",1.86062708320333,11,49,0.716830347333234,3,43
"2278",11.633792,0.508976488753613,-0.48853203750645,-0.596358676324939,-1.18324042357375,"Study2","G8","T1","TurnTaking","Study2_G8_T1_TurnTaking.csv",1.86062708320333,11,49,0.716830347333234,3,43
"2279",11.635459,0.447790560418359,-0.48853203750645,-0.59125024179772,-1.07252130541481,"Study2","G8","T1","TurnTaking","Study2_G8_T1_TurnTaking.csv",1.86062708320333,11,49,0.716830347333234,3,43
"2280",11.637125,0.447790560418359,1.34826718189234,-0.645379032544372,-0.933722828974017,"Study2","G8","T1","TurnTaking","Study2_G8_T1_TurnTaking.csv",1.86062708320333,11,49,0.716830347333234,3,43
"2281",11.638792,0.447790560418359,1.72447907020294,-0.69349769601076,-0.759969985926152,"Study2","G8","T1","TurnTaking","Study2_G8_T1_TurnTaking.csv",1.86062708320333,11,49,0.716830347333234,3,43
"2282",11.640457,0.447790560418359,1.72447907020294,-0.764431045982514,-0.540265872846115,"Study2","G8","T1","TurnTaking","Study2_G8_T1_TurnTaking.csv",1.86062708320333,11,49,0.716830347333234,3,43
"2283",11.642125,0.447790560418359,1.72447907020294,-0.827672109753252,-0.27981671115255,"Study2","G8","T1","TurnTaking","Study2_G8_T1_TurnTaking.csv",1.86062708320333,11,49,0.716830347333234,3,43
"2284",11.643793,0.447790560418359,1.72447907020294,-0.698814299665111,-0.0113144899904557,"Study2","G8","T1","TurnTaking","Study2_G8_T1_TurnTaking.csv",1.86062708320333,11,49,0.716830347333234,3,43
"2285",11.645459,0.447790560418359,1.72447907020294,-0.358962177994315,0.212633346195812,"Study2","G8","T1","TurnTaking","Study2_G8_T1_TurnTaking.csv",1.86062708320333,11,49,0.716830347333234,3,43
"2286",11.647124,0.447790560418359,1.72447907020294,-0.02136428820613,0.356618214906678,"Study2","G8","T1","TurnTaking","Study2_G8_T1_TurnTaking.csv",1.86062708320333,11,49,0.716830347333234,3,43
"2287",11.648792,0.447790560418359,1.72447907020294,0.188374734409687,0.423287378804583,"Study2","G8","T1","TurnTaking","Study2_G8_T1_TurnTaking.csv",1.86062708320333,11,49,0.716830347333234,3,43
"2288",11.650458,0.108329978854923,1.72447907020294,0.242805247147386,0.439799638648036,"Study2","G8","T1","TurnTaking","Study2_G8_T1_TurnTaking.csv",1.86062708320333,11,49,0.716830347333234,3,43
"2289",11.652125,0.0180936217304636,1.72447907020294,0.16893019179244,0.435195139162363,"Study2","G8","T1","TurnTaking","Study2_G8_T1_TurnTaking.csv",1.86062708320333,11,49,0.716830347333234,3,43
"2290",11.653793,0.0180936217304636,1.72447907020294,0.0427218884418719,0.456721748447256,"Study2","G8","T1","TurnTaking","Study2_G8_T1_TurnTaking.csv",1.86062708320333,11,49,0.716830347333234,3,43
"2291",11.655458,0.0180936217304636,1.72447907020294,-0.0958740465240478,0.521246368528571,"Study2","G8","T1","TurnTaking","Study2_G8_T1_TurnTaking.csv",1.86062708320333,11,49,0.716830347333234,3,43
"2292",11.657124,0.0180936217304636,1.72447907020294,-0.337085821112055,0.585956155767068,"Study2","G8","T1","TurnTaking","Study2_G8_T1_TurnTaking.csv",1.86062708320333,11,49,0.716830347333234,3,43
"2293",11.658791,0.0180936217304636,1.72447907020294,-0.731142472135499,0.622926105397129,"Study2","G8","T1","TurnTaking","Study2_G8_T1_TurnTaking.csv",1.86062708320333,11,49,0.716830347333234,3,43
"2294",11.660459,0.0180936217304636,1.72447907020294,-1.20177085382117,0.65632153002138,"Study2","G8","T1","TurnTaking","Study2_G8_T1_TurnTaking.csv",1.86062708320333,11,49,0.716830347333234,3,43
"2295",11.662125,0.0180936217304636,1.72447907020294,-1.6016834659683,0.711837582453262,"Study2","G8","T1","TurnTaking","Study2_G8_T1_TurnTaking.csv",1.86062708320333,11,49,0.716830347333234,3,43
"2296",11.663792,0.0180936217304636,1.72447907020294,-1.87746700117029,0.760758659787623,"Study2","G8","T1","TurnTaking","Study2_G8_T1_TurnTaking.csv",1.86062708320333,11,49,0.716830347333234,3,43
"2297",11.665458,0.0180936217304636,1.72447907020294,-2.03477955904465,0.770858971854562,"Study2","G8","T1","TurnTaking","Study2_G8_T1_TurnTaking.csv",1.86062708320333,11,49,0.716830347333234,3,43
"2298",11.667124,-0.189736775791615,1.72447907020294,-2.10659902829869,0.75760111752484,"Study2","G8","T1","TurnTaking","Study2_G8_T1_TurnTaking.csv",1.86062708320333,11,49,0.716830347333234,3,43
"2299",11.668791,-0.244982830829129,1.72447907020294,-2.12725124315563,0.724789868176909,"Study2","G8","T1","TurnTaking","Study2_G8_T1_TurnTaking.csv",1.86062708320333,11,49,0.716830347333234,3,43
"2300",11.670459,-0.244982830829129,1.72447907020294,-2.14569785121132,0.693020433735688,"Study2","G8","T1","TurnTaking","Study2_G8_T1_TurnTaking.csv",1.86062708320333,11,49,0.716830347333234,3,43
"2301",11.672126,-0.244982830829129,1.72447907020294,-2.18395772341139,0.694949852688619,"Study2","G8","T1","TurnTaking","Study2_G8_T1_TurnTaking.csv",1.86062708320333,11,49,0.716830347333234,3,43
"2302",11.673791,-0.244982830829129,-0.222271516009583,-2.16823333563659,0.715595705403058,"Study2","G8","T1","TurnTaking","Study2_G8_T1_TurnTaking.csv",1.86062708320333,11,49,0.716830347333234,3,43
"2303",11.675458,-0.244982830829129,-1.95683830207156,-2.00595597769196,0.71778447250064,"Study2","G8","T1","TurnTaking","Study2_G8_T1_TurnTaking.csv",1.86062708320333,11,49,0.716830347333234,3,43
"2304",11.677124,-0.244982830829129,-1.76866295846768,-1.68029016748957,0.635216040496122,"Study2","G8","T1","TurnTaking","Study2_G8_T1_TurnTaking.csv",1.86062708320333,11,49,0.716830347333234,3,43
"2305",11.678793,-0.244982830829129,-1.76866295846768,-1.24287226821839,0.536365880332285,"Study2","G8","T1","TurnTaking","Study2_G8_T1_TurnTaking.csv",1.86062708320333,11,49,0.716830347333234,3,43
"2306",11.680459,-0.244982830829129,-1.76866295846768,-0.764137502864599,0.498809044966745,"Study2","G8","T1","TurnTaking","Study2_G8_T1_TurnTaking.csv",1.86062708320333,11,49,0.716830347333234,3,43
"2307",11.682125,-0.244982830829129,-1.76866295846768,-0.322486868688199,0.511745781214172,"Study2","G8","T1","TurnTaking","Study2_G8_T1_TurnTaking.csv",1.86062708320333,11,49,0.716830347333234,3,43
"2308",11.683792,-0.46558052933099,-1.63147899950704,-0.0311625782191447,0.536748625696478,"Study2","G8","T1","TurnTaking","Study2_G8_T1_TurnTaking.csv",1.86062708320333,11,49,0.716830347333234,3,43
"2309",11.685458,-0.52422042386946,0.517736357542984,0.00934424330526069,0.568007067258631,"Study2","G8","T1","TurnTaking","Study2_G8_T1_TurnTaking.csv",1.86062708320333,11,49,0.716830347333234,3,43
"2310",11.687124,-0.52422042386946,0.517736357542984,-0.175424679636321,0.598437820187519,"Study2","G8","T1","TurnTaking","Study2_G8_T1_TurnTaking.csv",1.86062708320333,11,49,0.716830347333234,3,43
"2311",11.688793,-0.52422042386946,0.517736357542984,-0.482674468527745,0.607200877299577,"Study2","G8","T1","TurnTaking","Study2_G8_T1_TurnTaking.csv",1.86062708320333,11,49,0.716830347333234,3,43
"2312",11.690459,-0.52422042386946,0.517736357542984,-0.845113500689128,0.550109334818442,"Study2","G8","T1","TurnTaking","Study2_G8_T1_TurnTaking.csv",1.86062708320333,11,49,0.716830347333234,3,43
"2313",11.692123,-0.52422042386946,0.522049685491771,-1.20943557834012,0.464789216146044,"Study2","G8","T1","TurnTaking","Study2_G8_T1_TurnTaking.csv",1.86062708320333,11,49,0.716830347333234,3,43
"2314",11.693792,-0.52422042386946,0.625569556262665,-1.52576783778641,0.3115933512834,"Study2","G8","T1","TurnTaking","Study2_G8_T1_TurnTaking.csv",1.86062708320333,11,49,0.716830347333234,3,43
"2315",11.695458,-0.52422042386946,0.625569556262665,-1.78422594278805,-0.0223596110574137,"Study2","G8","T1","TurnTaking","Study2_G8_T1_TurnTaking.csv",1.86062708320333,11,49,0.716830347333234,3,43
"2316",11.697125,-0.52422042386946,0.625569556262665,-1.98628847675232,-0.402250291134613,"Study2","G8","T1","TurnTaking","Study2_G8_T1_TurnTaking.csv",1.86062708320333,11,49,0.716830347333234,3,43
"2317",11.698792,-0.52422042386946,0.625569556262665,-2.1253842192942,-0.560761794372419,"Study2","G8","T1","TurnTaking","Study2_G8_T1_TurnTaking.csv",1.86062708320333,11,49,0.716830347333234,3,43
"2318",11.700459,-0.482335407933474,0.741726463958419,-2.19902309568252,-0.376500073203554,"Study2","G8","T1","TurnTaking","Study2_G8_T1_TurnTaking.csv",1.86062708320333,11,49,0.716830347333234,3,43
"2319",11.702123,-0.471201416355554,0.789170834707389,-2.22374682080855,0.0550334131694087,"Study2","G8","T1","TurnTaking","Study2_G8_T1_TurnTaking.csv",1.86062708320333,11,49,0.716830347333234,3,43
"2320",11.703792,-0.471201416355554,0.789170834707389,-2.22323031936825,0.595973870157575,"Study2","G8","T1","TurnTaking","Study2_G8_T1_TurnTaking.csv",1.86062708320333,11,49,0.716830347333234,3,43
"2321",11.705459,-0.471201416355554,1.80307478448709,-2.20655819066429,1.01269526785759,"Study2","G8","T1","TurnTaking","Study2_G8_T1_TurnTaking.csv",1.86062708320333,11,49,0.716830347333234,3,43
"2322",11.707126,-0.471201416355554,1.96812891584658,-2.18106542738506,1.20667526900792,"Study2","G8","T1","TurnTaking","Study2_G8_T1_TurnTaking.csv",1.86062708320333,11,49,0.716830347333234,3,43
"2323",11.708792,-0.471201416355554,1.96812891584658,-2.1902324876552,1.27967549487485,"Study2","G8","T1","TurnTaking","Study2_G8_T1_TurnTaking.csv",1.86062708320333,11,49,0.716830347333234,3,43
"2324",11.710458,-0.471201416355554,2.01145181674635,-2.21680945580163,1.23789861725677,"Study2","G8","T1","TurnTaking","Study2_G8_T1_TurnTaking.csv",1.86062708320333,11,49,0.716830347333234,3,43
"2325",11.712124,-0.471201416355554,2.06030530073971,-2.1849664137513,1.07893888966776,"Study2","G8","T1","TurnTaking","Study2_G8_T1_TurnTaking.csv",1.86062708320333,11,49,0.716830347333234,3,43
"2326",11.713792,-0.471201416355554,2.06030530073971,-2.01853497253074,0.869705137657536,"Study2","G8","T1","TurnTaking","Study2_G8_T1_TurnTaking.csv",1.86062708320333,11,49,0.716830347333234,3,43
"2327",11.715459,-0.471201416355554,2.06030530073971,-1.7492484876588,0.681306542535544,"Study2","G8","T1","TurnTaking","Study2_G8_T1_TurnTaking.csv",1.86062708320333,11,49,0.716830347333234,3,43
"2328",11.717126,-0.615884369170384,1.72311319958721,-1.40681834036082,0.615216703618627,"Study2","G8","T1","TurnTaking","Study2_G8_T1_TurnTaking.csv",1.86062708320333,11,49,0.716830347333234,3,43
"2329",11.718792,-0.654344394602175,1.70159029951365,-1.01554855632784,0.642037552916913,"Study2","G8","T1","TurnTaking","Study2_G8_T1_TurnTaking.csv",1.86062708320333,11,49,0.716830347333234,3,43
"2330",11.720457,-0.654344394602175,1.70159029951365,-0.615485363283589,0.654296246407721,"Study2","G8","T1","TurnTaking","Study2_G8_T1_TurnTaking.csv",1.86062708320333,11,49,0.716830347333234,3,43
"2331",11.722125,-0.654344394602175,1.70159029951365,-0.25430128397097,0.644216762079571,"Study2","G8","T1","TurnTaking","Study2_G8_T1_TurnTaking.csv",1.86062708320333,11,49,0.716830347333234,3,43
"2332",11.723792,-0.654344394602175,1.70159029951365,0.0464926850741359,0.641847392808649,"Study2","G8","T1","TurnTaking","Study2_G8_T1_TurnTaking.csv",1.86062708320333,11,49,0.716830347333234,3,43
"2333",11.725459,-0.654344394602175,1.61951131693437,0.287315234932511,0.63692619756878,"Study2","G8","T1","TurnTaking","Study2_G8_T1_TurnTaking.csv",1.86062708320333,11,49,0.716830347333234,3,43
"2334",11.727124,-0.654344394602175,0.333607256525672,0.450607669460472,0.60871630928013,"Study2","G8","T1","TurnTaking","Study2_G8_T1_TurnTaking.csv",1.86062708320333,11,49,0.716830347333234,3,43
"2335",11.728792,-0.654344394602175,0.333607256525672,0.519005568761078,0.565203881866758,"Study2","G8","T1","TurnTaking","Study2_G8_T1_TurnTaking.csv",1.86062708320333,11,49,0.716830347333234,3,43
"2336",11.730457,-0.654344394602175,0.333607256525672,0.476727404986967,0.602547589549069,"Study2","G8","T1","TurnTaking","Study2_G8_T1_TurnTaking.csv",1.86062708320333,11,49,0.716830347333234,3,43
"2337",11.732125,-0.654344394602175,1.34327715650914,0.330872440017352,0.756948895458089,"Study2","G8","T1","TurnTaking","Study2_G8_T1_TurnTaking.csv",1.86062708320333,11,49,0.716830347333234,3,43
"2338",11.733792,-0.597870990037017,1.58011330588798,0.0581934033856957,0.984628463281303,"Study2","G8","T1","TurnTaking","Study2_G8_T1_TurnTaking.csv",1.86062708320333,11,49,0.716830347333234,3,43
"2339",11.73546,-0.582859072367799,1.58011330588798,-0.279422300660408,1.23042345621178,"Study2","G8","T1","TurnTaking","Study2_G8_T1_TurnTaking.csv",1.86062708320333,11,49,0.716830347333234,3,43
"2340",11.737123,-0.582859072367799,1.58011330588798,-0.599405138507845,1.43137233316763,"Study2","G8","T1","TurnTaking","Study2_G8_T1_TurnTaking.csv",1.86062708320333,11,49,0.716830347333234,3,43
"2341",11.738792,-0.582859072367799,1.58011330588798,-0.873451839582395,1.57814612169586,"Study2","G8","T1","TurnTaking","Study2_G8_T1_TurnTaking.csv",1.86062708320333,11,49,0.716830347333234,3,43
"2342",11.740459,-0.582859072367799,0.790265072029267,-1.09192623482205,1.65596996627298,"Study2","G8","T1","TurnTaking","Study2_G8_T1_TurnTaking.csv",1.86062708320333,11,49,0.716830347333234,3,43
"2343",11.742125,-0.582859072367799,0.782286807040795,-1.26523689262274,1.65141639488832,"Study2","G8","T1","TurnTaking","Study2_G8_T1_TurnTaking.csv",1.86062708320333,11,49,0.716830347333234,3,43
"2344",11.743792,-0.582859072367799,0.782286807040795,-1.43620234258214,1.58717651567429,"Study2","G8","T1","TurnTaking","Study2_G8_T1_TurnTaking.csv",1.86062708320333,11,49,0.716830347333234,3,43
"2345",11.745459,-0.582859072367799,0.782286807040795,-1.65408147271283,1.5104539734496,"Study2","G8","T1","TurnTaking","Study2_G8_T1_TurnTaking.csv",1.86062708320333,11,49,0.716830347333234,3,43
"2346",11.747124,-0.582859072367799,0.782286807040795,-1.88594602774306,1.4474503489229,"Study2","G8","T1","TurnTaking","Study2_G8_T1_TurnTaking.csv",1.86062708320333,11,49,0.716830347333234,3,43
"2347",11.748791,-0.582859072367799,0.478927340921492,-2.07132310031977,1.40776409124975,"Study2","G8","T1","TurnTaking","Study2_G8_T1_TurnTaking.csv",1.86062708320333,11,49,0.716830347333234,3,43
"2348",11.75046,-0.515646172529749,0.348916141156076,-2.18356424118615,1.37891282273098,"Study2","G8","T1","TurnTaking","Study2_G8_T1_TurnTaking.csv",1.86062708320333,11,49,0.716830347333234,3,43
"2349",11.752125,-0.497779452319634,0.348916141156076,-2.23623764067261,1.34658004075223,"Study2","G8","T1","TurnTaking","Study2_G8_T1_TurnTaking.csv",1.86062708320333,11,49,0.716830347333234,3,43
"2350",11.753792,-0.497779452319634,0.348916141156076,-2.25854680559476,1.30037555677244,"Study2","G8","T1","TurnTaking","Study2_G8_T1_TurnTaking.csv",1.86062708320333,11,49,0.716830347333234,3,43
"2351",11.755457,-0.497779452319634,0.348916141156076,-2.26075476522252,1.24024501895273,"Study2","G8","T1","TurnTaking","Study2_G8_T1_TurnTaking.csv",1.86062708320333,11,49,0.716830347333234,3,43
"2352",11.757124,-0.497779452319634,0.348916141156076,-2.25282316295285,1.16778531570411,"Study2","G8","T1","TurnTaking","Study2_G8_T1_TurnTaking.csv",1.86062708320333,11,49,0.716830347333234,3,43
"2353",11.758792,-0.497779452319634,0.192256149582797,-2.2321651220493,1.09603503947604,"Study2","G8","T1","TurnTaking","Study2_G8_T1_TurnTaking.csv",1.86062708320333,11,49,0.716830347333234,3,43
"2354",11.760459,-0.497779452319634,-0.0240838387803022,-2.10944740489668,1.04644833043489,"Study2","G8","T1","TurnTaking","Study2_G8_T1_TurnTaking.csv",1.86062708320333,11,49,0.716830347333234,3,43
"2355",11.762125,-0.497779452319634,-0.0240838387803022,-1.82888662350966,0.992487510936451,"Study2","G8","T1","TurnTaking","Study2_G8_T1_TurnTaking.csv",1.86062708320333,11,49,0.716830347333234,3,43
"2356",11.763792,-0.497779452319634,-0.0240838387803022,-1.43529941739616,0.895869199905227,"Study2","G8","T1","TurnTaking","Study2_G8_T1_TurnTaking.csv",1.86062708320333,11,49,0.716830347333234,3,43
"2357",11.765457,-0.497779452319634,-0.0240838387803022,-0.989220987792288,0.801102703101581,"Study2","G8","T1","TurnTaking","Study2_G8_T1_TurnTaking.csv",1.86062708320333,11,49,0.716830347333234,3,43
"2358",11.767125,-0.549793653073041,-0.0240838387803022,-0.523044826114128,0.725729826881594,"Study2","G8","T1","TurnTaking","Study2_G8_T1_TurnTaking.csv",1.86062708320333,11,49,0.716830347333234,3,43
"2359",11.768793,-0.563620212766984,-0.0240838387803022,-0.0908853820705123,0.656386581041161,"Study2","G8","T1","TurnTaking","Study2_G8_T1_TurnTaking.csv",1.86062708320333,11,49,0.716830347333234,3,43
"2360",11.770459,-0.563620212766984,-0.141050303159231,0.207932660857212,0.586901535390067,"Study2","G8","T1","TurnTaking","Study2_G8_T1_TurnTaking.csv",1.86062708320333,11,49,0.716830347333234,3,43
"2361",11.772124,-0.563620212766984,-0.168486881223424,0.249095360783247,0.520079587189123,"Study2","G8","T1","TurnTaking","Study2_G8_T1_TurnTaking.csv",1.86062708320333,11,49,0.716830347333234,3,43
"2362",11.773792,-0.563620212766984,-0.168486881223424,0.058042934527925,0.531903180657275,"Study2","G8","T1","TurnTaking","Study2_G8_T1_TurnTaking.csv",1.86062708320333,11,49,0.716830347333234,3,43
"2363",11.775458,-0.563620212766984,-0.168486881223424,-0.259802528487277,0.643888653865765,"Study2","G8","T1","TurnTaking","Study2_G8_T1_TurnTaking.csv",1.86062708320333,11,49,0.716830347333234,3,43
"2364",11.777125,-0.563620212766984,-0.168486881223424,-0.64910960704712,0.761947410111821,"Study2","G8","T1","TurnTaking","Study2_G8_T1_TurnTaking.csv",1.86062708320333,11,49,0.716830347333234,3,43
"2365",11.778793,-0.563620212766984,-0.168486881223424,-1.03932554887892,0.835852358714386,"Study2","G8","T1","TurnTaking","Study2_G8_T1_TurnTaking.csv",1.86062708320333,11,49,0.716830347333234,3,43
"2366",11.780458,-0.563620212766984,-0.168486881223424,-1.36712828575611,0.866774132718023,"Study2","G8","T1","TurnTaking","Study2_G8_T1_TurnTaking.csv",1.86062708320333,11,49,0.716830347333234,3,43
"2367",11.782124,-0.563620212766984,-0.275300249765031,-1.60231581610475,0.814834317160892,"Study2","G8","T1","TurnTaking","Study2_G8_T1_TurnTaking.csv",1.86062708320333,11,49,0.716830347333234,3,43
"2368",11.783791,-0.399476231396234,-0.340766507903436,-1.7869685542321,0.714170859820665,"Study2","G8","T1","TurnTaking","Study2_G8_T1_TurnTaking.csv",1.86062708320333,11,49,0.716830347333234,3,43
"2369",11.785459,-0.355843021158439,-0.340766507903436,-1.92153017599578,0.634716174765174,"Study2","G8","T1","TurnTaking","Study2_G8_T1_TurnTaking.csv",1.86062708320333,11,49,0.716830347333234,3,43
"2370",11.787125,-0.355843021158439,-0.340766507903436,-2.00195538833647,0.556308725534707,"Study2","G8","T1","TurnTaking","Study2_G8_T1_TurnTaking.csv",1.86062708320333,11,49,0.716830347333234,3,43
"2371",11.788792,-0.355843021158439,-0.340766507903436,-2.03703255849432,0.468110955171477,"Study2","G8","T1","TurnTaking","Study2_G8_T1_TurnTaking.csv",1.86062708320333,11,49,0.716830347333234,3,43
"2372",11.790458,-0.355843021158439,-0.340766507903436,-2.04431130742502,0.392207256923847,"Study2","G8","T1","TurnTaking","Study2_G8_T1_TurnTaking.csv",1.86062708320333,11,49,0.716830347333234,3,43
"2373",11.792124,-0.355843021158439,-0.340766507903436,-2.03896355682915,0.37350423280238,"Study2","G8","T1","TurnTaking","Study2_G8_T1_TurnTaking.csv",1.86062708320333,11,49,0.716830347333234,3,43
"2374",11.793791,-0.355843021158439,-0.340766507903436,-2.02361282031323,0.398855870581537,"Study2","G8","T1","TurnTaking","Study2_G8_T1_TurnTaking.csv",1.86062708320333,11,49,0.716830347333234,3,43
"2375",11.795459,-0.355843021158439,-0.477252868825804,-2.01588311296665,0.444306846915527,"Study2","G8","T1","TurnTaking","Study2_G8_T1_TurnTaking.csv",1.86062708320333,11,49,0.716830347333234,3,43
"2376",11.797126,-0.355843021158439,-0.518021522088329,-1.96234409740042,0.476299394942136,"Study2","G8","T1","TurnTaking","Study2_G8_T1_TurnTaking.csv",1.86062708320333,11,49,0.716830347333234,3,43
"2377",11.798791,-0.355843021158439,-0.518021522088329,-1.79368710637289,0.444480030990118,"Study2","G8","T1","TurnTaking","Study2_G8_T1_TurnTaking.csv",1.86062708320333,11,49,0.716830347333234,3,43
"2378",11.800458,-0.274848917487162,-0.518021522088329,-1.54069528960787,0.37933029343363,"Study2","G8","T1","TurnTaking","Study2_G8_T1_TurnTaking.csv",1.86062708320333,11,49,0.716830347333234,3,43
"2379",11.802124,-0.253318839296063,-0.518021522088329,-1.24919117596926,0.360861510045672,"Study2","G8","T1","TurnTaking","Study2_G8_T1_TurnTaking.csv",1.86062708320333,11,49,0.716830347333234,3,43
"2380",11.803793,-0.253318839296063,-0.518021522088329,-0.965994780725053,0.41562548138921,"Study2","G8","T1","TurnTaking","Study2_G8_T1_TurnTaking.csv",1.86062708320333,11,49,0.716830347333234,3,43
"2381",11.805459,-0.253318839296063,-0.518021522088329,-0.710302591353936,0.514262513869817,"Study2","G8","T1","TurnTaking","Study2_G8_T1_TurnTaking.csv",1.86062708320333,11,49,0.716830347333234,3,43
"2382",11.807125,-0.253318839296063,-0.518021522088329,-0.511228035027698,0.583503903508223,"Study2","G8","T1","TurnTaking","Study2_G8_T1_TurnTaking.csv",1.86062708320333,11,49,0.716830347333234,3,43
"2383",11.808792,-0.253318839296063,-0.56419212405021,-0.418846542599894,0.59272987851324,"Study2","G8","T1","TurnTaking","Study2_G8_T1_TurnTaking.csv",1.86062708320333,11,49,0.716830347333234,3,43
"2384",11.810458,-0.253318839296063,-0.603522636832554,-0.46259006913706,0.566431149242141,"Study2","G8","T1","TurnTaking","Study2_G8_T1_TurnTaking.csv",1.86062708320333,11,49,0.716830347333234,3,43
"2385",11.812124,-0.253318839296063,-0.603522636832554,-0.647383416658681,0.47969146324992,"Study2","G8","T1","TurnTaking","Study2_G8_T1_TurnTaking.csv",1.86062708320333,11,49,0.716830347333234,3,43
"2386",11.813793,-0.253318839296063,-0.603522636832554,-0.924803622802089,0.307971892537443,"Study2","G8","T1","TurnTaking","Study2_G8_T1_TurnTaking.csv",1.86062708320333,11,49,0.716830347333234,3,43
"2387",11.815459,-0.253318839296063,-0.603522636832554,-1.25794346653614,0.160287960355267,"Study2","G8","T1","TurnTaking","Study2_G8_T1_TurnTaking.csv",1.86062708320333,11,49,0.716830347333234,3,43
"2388",11.817123,-0.209110706142478,-0.603522636832554,-1.58434122986424,0.122471776845074,"Study2","G8","T1","TurnTaking","Study2_G8_T1_TurnTaking.csv",1.86062708320333,11,49,0.716830347333234,3,43
"2389",11.818792,-0.197359177076334,-0.603522636832554,-1.84444709770372,0.149573372649784,"Study2","G8","T1","TurnTaking","Study2_G8_T1_TurnTaking.csv",1.86062708320333,11,49,0.716830347333234,3,43
"2390",11.820458,-0.197359177076334,-0.603522636832554,-2.04308055507758,0.13468539112042,"Study2","G8","T1","TurnTaking","Study2_G8_T1_TurnTaking.csv",1.86062708320333,11,49,0.716830347333234,3,43
"2391",11.822125,-0.197359177076334,-0.608724103758673,-2.17652805746548,-0.0342445464959719,"Study2","G8","T1","TurnTaking","Study2_G8_T1_TurnTaking.csv",1.86062708320333,11,49,0.716830347333234,3,43
"2392",11.823792,-0.197359177076334,-0.650808699797277,-2.24530106453661,-0.299212043605149,"Study2","G8","T1","TurnTaking","Study2_G8_T1_TurnTaking.csv",1.86062708320333,11,49,0.716830347333234,3,43
"2393",11.825459,-0.197359177076334,-0.650808699797277,-2.26734604065264,-0.569247814027428,"Study2","G8","T1","TurnTaking","Study2_G8_T1_TurnTaking.csv",1.86062708320333,11,49,0.716830347333234,3,43
"2394",11.827123,-0.197359177076334,-0.650808699797277,-2.26106701891322,-0.794984695913415,"Study2","G8","T1","TurnTaking","Study2_G8_T1_TurnTaking.csv",1.86062708320333,11,49,0.716830347333234,3,43
"2395",11.828792,-0.197359177076334,-0.650808699797277,-2.24519193820194,-0.948159305070033,"Study2","G8","T1","TurnTaking","Study2_G8_T1_TurnTaking.csv",1.86062708320333,11,49,0.716830347333234,3,43
"2396",11.830459,-0.197359177076334,-0.650808699797277,-2.22444841126824,-1.0227030660993,"Study2","G8","T1","TurnTaking","Study2_G8_T1_TurnTaking.csv",1.86062708320333,11,49,0.716830347333234,3,43
"2397",11.832126,-0.197359177076334,-0.650808699797277,-2.22019450092436,-1.03313348356048,"Study2","G8","T1","TurnTaking","Study2_G8_T1_TurnTaking.csv",1.86062708320333,11,49,0.716830347333234,3,43
"2398",11.833792,-0.197359177076334,-0.650808699797277,-2.23087274805497,-1.00586840427185,"Study2","G8","T1","TurnTaking","Study2_G8_T1_TurnTaking.csv",1.86062708320333,11,49,0.716830347333234,3,43
"2399",11.835458,-0.197359177076334,-0.650808699797277,-2.24032752539641,-0.949791572105849,"Study2","G8","T1","TurnTaking","Study2_G8_T1_TurnTaking.csv",1.86062708320333,11,49,0.716830347333234,3,43
"2400",11.837124,-0.197359177076334,-0.603235744358246,-2.20605244500235,-0.79444517188532,"Study2","G8","T1","TurnTaking","Study2_G8_T1_TurnTaking.csv",1.86062708320333,11,49,0.716830347333234,3,43
"2401",11.838,-0.197359177076334,-0.599098965624417,-2.15862338378435,-0.633041180759189,"Study2","G8","T1","TurnTaking","Study2_G8_T1_TurnTaking.csv",1.86062708320333,11,49,0.716830347333234,3,43
